%YAML:1.0
---
Matches:
   - [ 0, 0, 0, 247. ]
   - [ 1, 435, 0, 2744. ]
   - [ 2, 1, 0, 1165. ]
   - [ 3, 56, 0, 2497. ]
   - [ 4, 303, 0, 2099. ]
   - [ 5, 258, 0, 2649. ]
   - [ 6, 2, 0, 2133. ]
   - [ 7, 3, 0, 758. ]
   - [ 8, 310, 0, 2309. ]
   - [ 9, 4, 0, 1045. ]
   - [ 10, 7, 0, 1901. ]
   - [ 11, 5, 0, 512. ]
   - [ 12, 6, 0, 537. ]
   - [ 13, 48, 0, 1677. ]
   - [ 14, 9, 0, 462. ]
   - [ 15, 11, 0, 415. ]
   - [ 16, 213, 0, 3460. ]
   - [ 17, 80, 0, 3365. ]
   - [ 18, 13, 0, 522. ]
   - [ 19, 183, 0, 2300. ]
   - [ 20, 14, 0, 304. ]
   - [ 21, 15, 0, 309. ]
   - [ 22, 160, 0, 2785. ]
   - [ 23, 15, 0, 2389. ]
   - [ 24, 16, 0, 3219. ]
   - [ 25, 160, 0, 2387. ]
   - [ 26, 13, 0, 3326. ]
   - [ 27, 480, 0, 3014. ]
   - [ 28, 17, 0, 2905. ]
   - [ 29, 18, 0, 1801. ]
   - [ 30, 20, 0, 437. ]
   - [ 31, 14, 0, 3443. ]
   - [ 32, 92, 0, 3527. ]
   - [ 33, 22, 0, 662. ]
   - [ 34, 23, 0, 688. ]
   - [ 35, 491, 0, 2959. ]
   - [ 36, 269, 0, 3420. ]
   - [ 37, 275, 0, 3445. ]
   - [ 38, 24, 0, 403. ]
   - [ 39, 25, 0, 12. ]
   - [ 40, 26, 0, 1946. ]
   - [ 41, 28, 0, 259. ]
   - [ 42, 31, 0, 31. ]
   - [ 43, 172, 0, 1578. ]
   - [ 44, 34, 0, 86. ]
   - [ 45, 398, 0, 2073. ]
   - [ 46, 445, 0, 3006. ]
   - [ 47, 498, 0, 3261. ]
   - [ 48, 172, 0, 2423. ]
   - [ 49, 36, 0, 936. ]
   - [ 50, 184, 0, 3181. ]
   - [ 51, 38, 0, 418. ]
   - [ 52, 39, 0, 487. ]
   - [ 53, 40, 0, 674. ]
   - [ 54, 41, 0, 619. ]
   - [ 55, 43, 0, 881. ]
   - [ 56, 44, 0, 574. ]
   - [ 57, 46, 0, 947. ]
   - [ 58, 352, 0, 2381. ]
   - [ 59, 62, 0, 2123. ]
   - [ 60, 47, 0, 1193. ]
   - [ 61, 48, 0, 628. ]
   - [ 62, 49, 0, 417. ]
   - [ 63, 50, 0, 376. ]
   - [ 64, 51, 0, 1528. ]
   - [ 65, 347, 0, 2979. ]
   - [ 66, 53, 0, 411. ]
   - [ 67, 52, 0, 890. ]
   - [ 68, 54, 0, 1693. ]
   - [ 69, 57, 0, 582. ]
   - [ 70, 58, 0, 433. ]
   - [ 71, 59, 0, 2126. ]
   - [ 72, 60, 0, 1405. ]
   - [ 73, 61, 0, 810. ]
   - [ 74, 62, 0, 320. ]
   - [ 75, 63, 0, 782. ]
   - [ 76, 64, 0, 272. ]
   - [ 77, 44, 0, 3040. ]
   - [ 78, 65, 0, 741. ]
   - [ 79, 66, 0, 1647. ]
   - [ 80, 491, 0, 3102. ]
   - [ 81, 67, 0, 679. ]
   - [ 82, 69, 0, 322. ]
   - [ 83, 70, 0, 906. ]
   - [ 84, 72, 0, 532. ]
   - [ 85, 308, 0, 3020. ]
   - [ 86, 71, 0, 243. ]
   - [ 87, 443, 0, 3348. ]
   - [ 88, 75, 0, 375. ]
   - [ 89, 76, 0, 806. ]
   - [ 90, 410, 0, 2138. ]
   - [ 91, 78, 0, 622. ]
   - [ 92, 79, 0, 1497. ]
   - [ 93, 80, 0, 1185. ]
   - [ 94, 82, 0, 439. ]
   - [ 95, 81, 0, 2127. ]
   - [ 96, 83, 0, 1259. ]
   - [ 97, 315, 0, 3700. ]
   - [ 98, 87, 0, 467. ]
   - [ 99, 89, 0, 664. ]
   - [ 100, 91, 0, 219. ]
   - [ 101, 90, 0, 1705. ]
   - [ 102, 88, 0, 2719. ]
   - [ 103, 85, 0, 2846. ]
   - [ 104, 93, 0, 1453. ]
   - [ 105, 94, 0, 478. ]
   - [ 106, 60, 0, 2942. ]
   - [ 107, 95, 0, 1048. ]
   - [ 108, 97, 0, 243. ]
   - [ 109, 98, 0, 371. ]
   - [ 110, 96, 0, 1306. ]
   - [ 111, 99, 0, 1960. ]
   - [ 112, 100, 0, 441. ]
   - [ 113, 101, 0, 253. ]
   - [ 114, 103, 0, 1400. ]
   - [ 115, 102, 0, 193. ]
   - [ 116, 104, 0, 2108. ]
   - [ 117, 110, 0, 3172. ]
   - [ 118, 105, 0, 146. ]
   - [ 119, 331, 0, 3213. ]
   - [ 120, 107, 0, 525. ]
   - [ 121, 109, 0, 938. ]
   - [ 122, 108, 0, 112. ]
   - [ 123, 397, 0, 2743. ]
   - [ 124, 111, 0, 2004. ]
   - [ 125, 113, 0, 34. ]
   - [ 126, 114, 0, 508. ]
   - [ 127, 115, 0, 68. ]
   - [ 128, 116, 0, 1420. ]
   - [ 129, 117, 0, 2581. ]
   - [ 130, 120, 0, 2336. ]
   - [ 131, 119, 0, 173. ]
   - [ 132, 121, 0, 1386. ]
   - [ 133, 129, 0, 3083. ]
   - [ 134, 122, 0, 812. ]
   - [ 135, 123, 0, 80. ]
   - [ 136, 125, 0, 562. ]
   - [ 137, 127, 0, 290. ]
   - [ 138, 126, 0, 248. ]
   - [ 139, 28, 0, 2645. ]
   - [ 140, 10, 0, 3091. ]
   - [ 141, 133, 0, 2071. ]
   - [ 142, 134, 0, 205. ]
   - [ 143, 132, 0, 236. ]
   - [ 144, 404, 0, 2394. ]
   - [ 145, 320, 0, 2566. ]
   - [ 146, 28, 0, 3093. ]
   - [ 147, 28, 0, 3881. ]
   - [ 148, 544, 0, 2833. ]
   - [ 149, 138, 0, 908. ]
   - [ 150, 140, 0, 2171. ]
   - [ 151, 135, 0, 2953. ]
   - [ 152, 142, 0, 533. ]
   - [ 153, 145, 0, 244. ]
   - [ 154, 144, 0, 710. ]
   - [ 155, 146, 0, 1868. ]
   - [ 156, 480, 0, 2768. ]
   - [ 157, 269, 0, 4127. ]
   - [ 158, 150, 0, 1286. ]
   - [ 159, 147, 0, 540. ]
   - [ 160, 149, 0, 364. ]
   - [ 161, 231, 0, 3412. ]
   - [ 162, 328, 0, 3373. ]
   - [ 163, 154, 0, 256. ]
   - [ 164, 156, 0, 245. ]
   - [ 165, 351, 0, 3586. ]
   - [ 166, 153, 0, 2708. ]
   - [ 167, 155, 0, 151. ]
   - [ 168, 158, 0, 1231. ]
   - [ 169, 162, 0, 1013. ]
   - [ 170, 163, 0, 3042. ]
   - [ 171, 161, 0, 2175. ]
   - [ 172, 286, 0, 3003. ]
   - [ 173, 164, 0, 2244. ]
   - [ 174, 166, 0, 752. ]
   - [ 175, 35, 0, 2678. ]
   - [ 176, 401, 0, 3206. ]
   - [ 177, 171, 0, 373. ]
   - [ 178, 215, 0, 1738. ]
   - [ 179, 170, 0, 3164. ]
   - [ 180, 309, 0, 3239. ]
   - [ 181, 443, 0, 3947. ]
   - [ 182, 219, 0, 3583. ]
   - [ 183, 134, 0, 3142. ]
   - [ 184, 178, 0, 408. ]
   - [ 185, 180, 0, 1258. ]
   - [ 186, 549, 0, 3446. ]
   - [ 187, 113, 0, 2602. ]
   - [ 188, 238, 0, 3781. ]
   - [ 189, 439, 0, 3804. ]
   - [ 190, 183, 0, 591. ]
   - [ 191, 184, 0, 674. ]
   - [ 192, 186, 0, 541. ]
   - [ 193, 143, 0, 3381. ]
   - [ 194, 288, 0, 2861. ]
   - [ 195, 189, 0, 511. ]
   - [ 196, 301, 0, 2998. ]
   - [ 197, 277, 0, 3972. ]
   - [ 198, 116, 0, 3089. ]
   - [ 199, 191, 0, 1809. ]
   - [ 200, 35, 0, 3399. ]
   - [ 201, 193, 0, 2325. ]
   - [ 202, 393, 0, 4140. ]
   - [ 203, 188, 0, 2641. ]
   - [ 204, 192, 0, 2703. ]
   - [ 205, 196, 0, 560. ]
   - [ 206, 195, 0, 778. ]
   - [ 207, 197, 0, 520. ]
   - [ 208, 199, 0, 2117. ]
   - [ 209, 200, 0, 770. ]
   - [ 210, 201, 0, 1142. ]
   - [ 211, 203, 0, 1341. ]
   - [ 212, 205, 0, 1185. ]
   - [ 213, 207, 0, 1018. ]
   - [ 214, 206, 0, 688. ]
   - [ 215, 208, 0, 2438. ]
   - [ 216, 209, 0, 604. ]
   - [ 217, 177, 0, 3305. ]
   - [ 218, 391, 0, 1767. ]
   - [ 219, 210, 0, 1297. ]
   - [ 220, 212, 0, 1781. ]
   - [ 221, 211, 0, 3487. ]
   - [ 222, 397, 0, 2165. ]
   - [ 223, 213, 0, 1880. ]
   - [ 224, 214, 0, 1939. ]
   - [ 225, 215, 0, 43. ]
   - [ 226, 216, 0, 1510. ]
   - [ 227, 217, 0, 1270. ]
   - [ 228, 396, 0, 2955. ]
   - [ 229, 218, 0, 411. ]
   - [ 230, 115, 0, 1802. ]
   - [ 231, 219, 0, 921. ]
   - [ 232, 220, 0, 2109. ]
   - [ 233, 222, 0, 663. ]
   - [ 234, 221, 0, 855. ]
   - [ 235, 223, 0, 2151. ]
   - [ 236, 226, 0, 1669. ]
   - [ 237, 229, 0, 458. ]
   - [ 238, 228, 0, 560. ]
   - [ 239, 413, 0, 3687. ]
   - [ 240, 227, 0, 1281. ]
   - [ 241, 230, 0, 1059. ]
   - [ 242, 231, 0, 1191. ]
   - [ 243, 233, 0, 2022. ]
   - [ 244, 421, 0, 1901. ]
   - [ 245, 69, 0, 3420. ]
   - [ 246, 235, 0, 363. ]
   - [ 247, 236, 0, 1754. ]
   - [ 248, 233, 0, 3388. ]
   - [ 249, 237, 0, 128. ]
   - [ 250, 245, 0, 3121. ]
   - [ 251, 239, 0, 395. ]
   - [ 252, 240, 0, 1619. ]
   - [ 253, 242, 0, 1702. ]
   - [ 254, 241, 0, 1457. ]
   - [ 255, 243, 0, 202. ]
   - [ 256, 246, 0, 239. ]
   - [ 257, 244, 0, 1280. ]
   - [ 258, 412, 0, 2064. ]
   - [ 259, 247, 0, 975. ]
   - [ 260, 248, 0, 660. ]
   - [ 261, 248, 0, 1488. ]
   - [ 262, 249, 0, 331. ]
   - [ 263, 250, 0, 861. ]
   - [ 264, 251, 0, 321. ]
   - [ 265, 254, 0, 45. ]
   - [ 266, 201, 0, 3130. ]
   - [ 267, 252, 0, 1749. ]
   - [ 268, 253, 0, 769. ]
   - [ 269, 259, 0, 1038. ]
   - [ 270, 256, 0, 2638. ]
   - [ 271, 258, 0, 560. ]
   - [ 272, 39, 0, 3033. ]
   - [ 273, 260, 0, 1104. ]
   - [ 274, 261, 0, 952. ]
   - [ 275, 262, 0, 17. ]
   - [ 276, 263, 0, 1107. ]
   - [ 277, 264, 0, 1721. ]
   - [ 278, 265, 0, 732. ]
   - [ 279, 252, 0, 3287. ]
   - [ 280, 268, 0, 919. ]
   - [ 281, 269, 0, 1490. ]
   - [ 282, 271, 0, 607. ]
   - [ 283, 270, 0, 1842. ]
   - [ 284, 272, 0, 532. ]
   - [ 285, 273, 0, 830. ]
   - [ 286, 275, 0, 2460. ]
   - [ 287, 274, 0, 1784. ]
   - [ 288, 276, 0, 1499. ]
   - [ 289, 414, 0, 3828. ]
   - [ 290, 393, 0, 3408. ]
   - [ 291, 281, 0, 1127. ]
   - [ 292, 53, 0, 3739. ]
   - [ 293, 241, 0, 3676. ]
   - [ 294, 85, 0, 2741. ]
   - [ 295, 106, 0, 180. ]
   - [ 296, 112, 0, 183. ]
