%YAML:1.0
---
Matches:
   - [ 0, 47, 0, 4.0819134712219238e+00 ]
   - [ 1, 0, 0, 5.6518942117691040e-02 ]
   - [ 2, 108, 0, 3.3085789680480957e+00 ]
   - [ 3, 1, 0, 6.2010299414396286e-02 ]
   - [ 4, 2, 0, 9.2881277203559875e-02 ]
   - [ 5, 3, 0, 1.3934682309627533e-01 ]
   - [ 6, 4, 0, 7.8549079596996307e-02 ]
   - [ 7, 5, 0, 1.7311583459377289e-01 ]
   - [ 8, 7, 0, 1.0877824574708939e-01 ]
   - [ 9, 9, 0, 1.2359133362770081e-01 ]
   - [ 10, 420, 0, 3.0635595321655273e+00 ]
   - [ 11, 10, 0, 2.9649057388305664e+00 ]
   - [ 12, 11, 0, 2.3447600007057190e-01 ]
   - [ 13, 96, 0, 3.1805164813995361e+00 ]
   - [ 14, 12, 0, 4.4774267077445984e-01 ]
   - [ 15, 13, 0, 1.4311352372169495e-01 ]
   - [ 16, 132, 0, 3.1768965721130371e+00 ]
   - [ 17, 95, 0, 2.9428453445434570e+00 ]
   - [ 18, 377, 0, 2.9372961521148682e+00 ]
   - [ 19, 124, 0, 3.4151437282562256e+00 ]
   - [ 20, 380, 0, 3.2827591896057129e+00 ]
   - [ 21, 211, 0, 3.5166509151458740e+00 ]
   - [ 22, 15, 0, 1.6012672185897827e+00 ]
   - [ 23, 19, 0, 2.8514165878295898e+00 ]
   - [ 24, 18, 0, 3.8341665267944336e-01 ]
   - [ 25, 103, 0, 3.8744468688964844e+00 ]
   - [ 26, 187, 0, 4.0985770225524902e+00 ]
   - [ 27, 20, 0, 2.5886416435241699e-01 ]
   - [ 28, 375, 0, 3.5446088314056396e+00 ]
   - [ 29, 139, 0, 2.6615202426910400e+00 ]
   - [ 30, 122, 0, 3.7661967277526855e+00 ]
   - [ 31, 23, 0, 3.0213057994842529e-01 ]
   - [ 32, 375, 0, 3.6843416690826416e+00 ]
   - [ 33, 24, 0, 6.1369889974594116e-01 ]
   - [ 34, 54, 0, 3.1452996730804443e+00 ]
   - [ 35, 26, 0, 3.3697521686553955e-01 ]
   - [ 36, 66, 0, 3.1507947444915771e+00 ]
   - [ 37, 158, 0, 1.9511771202087402e+00 ]
   - [ 38, 66, 0, 2.8392829895019531e+00 ]
   - [ 39, 32, 0, 3.8405147194862366e-01 ]
   - [ 40, 29, 0, 3.0031018257141113e+00 ]
   - [ 41, 227, 0, 3.2280237674713135e+00 ]
   - [ 42, 33, 0, 5.1557159423828125e-01 ]
   - [ 43, 442, 0, 3.4531836509704590e+00 ]
   - [ 44, 34, 0, 4.0884870290756226e-01 ]
   - [ 45, 35, 0, 3.8258540630340576e-01 ]
   - [ 46, 36, 0, 5.8159905672073364e-01 ]
   - [ 47, 37, 0, 4.8632228374481201e-01 ]
   - [ 48, 39, 0, 2.9960963129997253e-01 ]
   - [ 49, 41, 0, 5.5551785230636597e-01 ]
   - [ 50, 40, 0, 4.2105621099472046e-01 ]
   - [ 51, 42, 0, 4.6274694800376892e-01 ]
   - [ 52, 30, 0, 2.6776630878448486e+00 ]
   - [ 53, 43, 0, 1.0077998638153076e+00 ]
   - [ 54, 44, 0, 8.6194705963134766e-01 ]
   - [ 55, 45, 0, 1.0481734275817871e+00 ]
   - [ 56, 46, 0, 1.1194601058959961e+00 ]
   - [ 57, 370, 0, 3.6793742179870605e+00 ]
   - [ 58, 47, 0, 4.8469567298889160e-01 ]
   - [ 59, 97, 0, 3.4002845287322998e+00 ]
   - [ 60, 48, 0, 7.6759457588195801e-01 ]
   - [ 61, 51, 0, 4.9874436855316162e-01 ]
   - [ 62, 52, 0, 3.4135377407073975e-01 ]
   - [ 63, 53, 0, 4.4801750779151917e-01 ]
   - [ 64, 54, 0, 4.4036665558815002e-01 ]
   - [ 65, 57, 0, 6.2921714782714844e-01 ]
   - [ 66, 55, 0, 3.9293453097343445e-01 ]
   - [ 67, 56, 0, 4.6975684165954590e-01 ]
   - [ 68, 58, 0, 3.2120236754417419e-01 ]
   - [ 69, 59, 0, 5.2719825506210327e-01 ]
   - [ 70, 207, 0, 1.4493081569671631e+00 ]
   - [ 71, 60, 0, 5.6605279445648193e-01 ]
   - [ 72, 61, 0, 6.5127325057983398e-01 ]
   - [ 73, 211, 0, 2.7422797679901123e+00 ]
   - [ 74, 62, 0, 1.7727164030075073e+00 ]
   - [ 75, 214, 0, 3.3307745456695557e+00 ]
   - [ 76, 63, 0, 3.8560786843299866e-01 ]
   - [ 77, 64, 0, 3.4911173582077026e-01 ]
   - [ 78, 65, 0, 3.3577257394790649e-01 ]
   - [ 79, 67, 0, 2.9866677522659302e-01 ]
   - [ 80, 227, 0, 2.8152892589569092e+00 ]
   - [ 81, 66, 0, 3.3027750253677368e-01 ]
   - [ 82, 68, 0, 1.2482120096683502e-01 ]
   - [ 83, 69, 0, 2.3459447920322418e-01 ]
   - [ 84, 70, 0, 3.1086283922195435e-01 ]
   - [ 85, 239, 0, 3.2181105613708496e+00 ]
   - [ 86, 71, 0, 2.1565634012222290e-01 ]
   - [ 87, 72, 0, 4.2479988932609558e-01 ]
   - [ 88, 73, 0, 5.9719997644424438e-01 ]
   - [ 89, 75, 0, 2.7737995982170105e-01 ]
   - [ 90, 74, 0, 8.7502235174179077e-01 ]
   - [ 91, 74, 0, 3.0515861511230469e+00 ]
   - [ 92, 76, 0, 6.7436832189559937e-01 ]
   - [ 93, 77, 0, 1.1065889596939087e+00 ]
   - [ 94, 80, 0, 5.8745819330215454e-01 ]
   - [ 95, 78, 0, 1.3880785703659058e+00 ]
   - [ 96, 79, 0, 8.7718474864959717e-01 ]
   - [ 97, 83, 0, 5.5488109588623047e-01 ]
   - [ 98, 87, 0, 2.6929640769958496e-01 ]
   - [ 99, 86, 0, 1.0519014596939087e+00 ]
   - [ 100, 84, 0, 9.3298280239105225e-01 ]
   - [ 101, 88, 0, 1.4459872245788574e+00 ]
   - [ 102, 89, 0, 7.7160865068435669e-01 ]
   - [ 103, 90, 0, 3.3098307251930237e-01 ]
   - [ 104, 92, 0, 7.9970467090606689e-01 ]
   - [ 105, 91, 0, 6.0573458671569824e-02 ]
   - [ 106, 93, 0, 1.8866672515869141e+00 ]
   - [ 107, 98, 0, 2.4594781398773193e+00 ]
   - [ 108, 94, 0, 7.1729734539985657e-02 ]
   - [ 109, 93, 0, 2.7212822437286377e+00 ]
   - [ 110, 96, 0, 1.0690809786319733e-01 ]
   - [ 111, 98, 0, 9.7354218363761902e-02 ]
   - [ 112, 97, 0, 9.1108120977878571e-02 ]
   - [ 113, 99, 0, 1.3067798316478729e-01 ]
   - [ 114, 100, 0, 9.1541685163974762e-02 ]
   - [ 115, 102, 0, 6.1156235635280609e-02 ]
   - [ 116, 103, 0, 2.2649326920509338e-01 ]
   - [ 117, 104, 0, 1.9191816449165344e-01 ]
   - [ 118, 105, 0, 3.9717030525207520e-01 ]
   - [ 119, 106, 0, 3.3920150995254517e-01 ]
   - [ 120, 109, 0, 1.6592049598693848e-01 ]
   - [ 121, 108, 0, 9.3996301293373108e-02 ]
   - [ 122, 110, 0, 4.5954453945159912e-01 ]
   - [ 123, 415, 0, 3.5088148117065430e+00 ]
   - [ 124, 111, 0, 1.7571842670440674e-01 ]
   - [ 125, 112, 0, 1.2042390555143356e-01 ]
   - [ 126, 114, 0, 2.6961350440979004e-01 ]
   - [ 127, 116, 0, 3.9882609248161316e-01 ]
   - [ 128, 115, 0, 3.9811292290687561e-01 ]
   - [ 129, 288, 0, 2.6843256950378418e+00 ]
   - [ 130, 284, 0, 2.6859860420227051e+00 ]
   - [ 131, 122, 0, 8.1782144308090210e-01 ]
   - [ 132, 123, 0, 2.7609348297119141e-01 ]
   - [ 133, 121, 0, 4.3029561638832092e-01 ]
   - [ 134, 119, 0, 1.8739452362060547e+00 ]
   - [ 135, 284, 0, 2.9730343818664551e+00 ]
   - [ 136, 288, 0, 2.7024540901184082e+00 ]
   - [ 137, 125, 0, 2.6531224250793457e+00 ]
   - [ 138, 124, 0, 3.0101921558380127e+00 ]
   - [ 139, 127, 0, 4.3802541494369507e-01 ]
   - [ 140, 129, 0, 1.9623599052429199e+00 ]
   - [ 141, 124, 0, 2.8173840045928955e+00 ]
   - [ 142, 131, 0, 3.6572468280792236e-01 ]
   - [ 143, 134, 0, 3.2852753996849060e-01 ]
   - [ 144, 133, 0, 5.7187753915786743e-01 ]
   - [ 145, 135, 0, 1.6400531530380249e+00 ]
   - [ 146, 140, 0, 3.0375425815582275e+00 ]
   - [ 147, 21, 0, 3.1561622619628906e+00 ]
   - [ 148, 138, 0, 2.9048386216163635e-01 ]
   - [ 149, 136, 0, 5.0162082910537720e-01 ]
   - [ 150, 137, 0, 4.8487940430641174e-01 ]
   - [ 151, 416, 0, 3.8274283409118652e+00 ]
   - [ 152, 312, 0, 3.3192214965820313e+00 ]
   - [ 153, 142, 0, 3.4293079376220703e-01 ]
   - [ 154, 150, 0, 3.7691278457641602e+00 ]
   - [ 155, 144, 0, 2.2261731624603271e+00 ]
   - [ 156, 141, 0, 8.4253513813018799e-01 ]
   - [ 157, 143, 0, 6.5161520242691040e-01 ]
   - [ 158, 145, 0, 4.5099475979804993e-01 ]
   - [ 159, 149, 0, 7.7529454231262207e-01 ]
   - [ 160, 150, 0, 4.1467863321304321e-01 ]
   - [ 161, 148, 0, 1.2774682044982910e+00 ]
   - [ 162, 316, 0, 1.8552474975585938e+00 ]
   - [ 163, 151, 0, 2.0935921669006348e+00 ]
   - [ 164, 153, 0, 8.7539750337600708e-01 ]
   - [ 165, 154, 0, 1.2444827556610107e+00 ]
   - [ 166, 156, 0, 1.6404099464416504e+00 ]
   - [ 167, 153, 0, 3.3733325004577637e+00 ]
   - [ 168, 157, 0, 2.4484119415283203e+00 ]
   - [ 169, 476, 0, 2.8188309669494629e+00 ]
   - [ 170, 163, 0, 2.5645234584808350e+00 ]
   - [ 171, 431, 0, 3.5302667617797852e+00 ]
   - [ 172, 159, 0, 3.2646710872650146e+00 ]
   - [ 173, 164, 0, 4.0473127365112305e-01 ]
   - [ 174, 166, 0, 4.8074430227279663e-01 ]
   - [ 175, 162, 0, 2.1246941089630127e+00 ]
   - [ 176, 167, 0, 5.7668423652648926e-01 ]
   - [ 177, 161, 0, 2.5240046977996826e+00 ]
   - [ 178, 160, 0, 2.4470343589782715e+00 ]
   - [ 179, 169, 0, 5.3365129232406616e-01 ]
   - [ 180, 170, 0, 4.0217441320419312e-01 ]
