%YAML:1.0
---
Matches:
   - [ 0, 0, 0, 8. ]
   - [ 1, 115, 0, 98. ]
   - [ 2, 1, 0, 43. ]
   - [ 3, 62, 0, 93. ]
   - [ 4, 303, 0, 94. ]
   - [ 5, 217, 0, 89. ]
   - [ 6, 2, 0, 49. ]
   - [ 7, 3, 0, 35. ]
   - [ 8, 310, 0, 94. ]
   - [ 9, 4, 0, 44. ]
   - [ 10, 7, 0, 72. ]
   - [ 11, 5, 0, 7. ]
   - [ 12, 6, 0, 9. ]
   - [ 13, 48, 0, 73. ]
   - [ 14, 9, 0, 10. ]
   - [ 15, 11, 0, 10. ]
   - [ 16, 78, 0, 141. ]
   - [ 17, 80, 0, 134. ]
   - [ 18, 13, 0, 13. ]
   - [ 19, 183, 0, 101. ]
   - [ 20, 14, 0, 7. ]
   - [ 21, 15, 0, 6. ]
   - [ 22, 7, 0, 108. ]
   - [ 23, 44, 0, 97. ]
   - [ 24, 16, 0, 103. ]
   - [ 25, 531, 0, 100. ]
   - [ 26, 76, 0, 112. ]
   - [ 27, 397, 0, 128. ]
   - [ 28, 17, 0, 90. ]
   - [ 29, 18, 0, 73. ]
   - [ 30, 20, 0, 20. ]
   - [ 31, 39, 0, 127. ]
   - [ 32, 92, 0, 120. ]
   - [ 33, 22, 0, 14. ]
   - [ 34, 23, 0, 36. ]
   - [ 35, 71, 0, 121. ]
   - [ 36, 151, 0, 114. ]
   - [ 37, 275, 0, 128. ]
   - [ 38, 24, 0, 16. ]
   - [ 39, 25, 0, 3. ]
   - [ 40, 26, 0, 47. ]
   - [ 41, 28, 0, 15. ]
   - [ 42, 31, 0, 6. ]
   - [ 43, 172, 0, 44. ]
   - [ 44, 34, 0, 7. ]
   - [ 45, 398, 0, 70. ]
   - [ 46, 313, 0, 123. ]
   - [ 47, 190, 0, 114. ]
   - [ 48, 305, 0, 104. ]
   - [ 49, 36, 0, 36. ]
   - [ 50, 120, 0, 121. ]
   - [ 51, 38, 0, 17. ]
   - [ 52, 39, 0, 26. ]
   - [ 53, 40, 0, 21. ]
   - [ 54, 41, 0, 18. ]
   - [ 55, 43, 0, 25. ]
   - [ 56, 44, 0, 27. ]
   - [ 57, 46, 0, 30. ]
   - [ 58, 352, 0, 80. ]
   - [ 59, 115, 0, 76. ]
   - [ 60, 47, 0, 38. ]
   - [ 61, 48, 0, 19. ]
   - [ 62, 49, 0, 17. ]
   - [ 63, 50, 0, 11. ]
   - [ 64, 51, 0, 49. ]
   - [ 65, 347, 0, 101. ]
   - [ 66, 53, 0, 11. ]
   - [ 67, 52, 0, 26. ]
   - [ 68, 54, 0, 46. ]
   - [ 69, 57, 0, 20. ]
   - [ 70, 58, 0, 16. ]
   - [ 71, 3, 0, 88. ]
   - [ 72, 60, 0, 44. ]
   - [ 73, 61, 0, 34. ]
   - [ 74, 62, 0, 16. ]
   - [ 75, 63, 0, 19. ]
   - [ 76, 64, 0, 15. ]
   - [ 77, 166, 0, 98. ]
   - [ 78, 65, 0, 15. ]
   - [ 79, 66, 0, 73. ]
   - [ 80, 23, 0, 120. ]
   - [ 81, 67, 0, 19. ]
   - [ 82, 69, 0, 9. ]
   - [ 83, 70, 0, 37. ]
   - [ 84, 72, 0, 11. ]
   - [ 85, 228, 0, 106. ]
   - [ 86, 71, 0, 7. ]
   - [ 87, 259, 0, 112. ]
   - [ 88, 75, 0, 12. ]
   - [ 89, 76, 0, 28. ]
   - [ 90, 67, 0, 101. ]
   - [ 91, 78, 0, 19. ]
   - [ 92, 79, 0, 40. ]
   - [ 93, 80, 0, 37. ]
   - [ 94, 82, 0, 15. ]
   - [ 95, 81, 0, 56. ]
   - [ 96, 83, 0, 40. ]
   - [ 97, 315, 0, 155. ]
   - [ 98, 87, 0, 16. ]
   - [ 99, 89, 0, 33. ]
   - [ 100, 91, 0, 9. ]
   - [ 101, 90, 0, 63. ]
   - [ 102, 88, 0, 81. ]
   - [ 103, 85, 0, 106. ]
   - [ 104, 93, 0, 43. ]
   - [ 105, 94, 0, 27. ]
   - [ 106, 5, 0, 101. ]
   - [ 107, 95, 0, 21. ]
   - [ 108, 97, 0, 11. ]
   - [ 109, 98, 0, 19. ]
   - [ 110, 96, 0, 47. ]
   - [ 111, 99, 0, 55. ]
   - [ 112, 100, 0, 24. ]
   - [ 113, 101, 0, 10. ]
   - [ 114, 103, 0, 57. ]
   - [ 115, 102, 0, 4. ]
   - [ 116, 104, 0, 72. ]
   - [ 117, 15, 0, 119. ]
   - [ 118, 105, 0, 3. ]
   - [ 119, 331, 0, 124. ]
   - [ 120, 107, 0, 25. ]
   - [ 121, 109, 0, 27. ]
   - [ 122, 108, 0, 6. ]
   - [ 123, 286, 0, 106. ]
   - [ 124, 111, 0, 69. ]
   - [ 125, 113, 0, 2. ]
   - [ 126, 114, 0, 24. ]
   - [ 127, 115, 0, 5. ]
   - [ 128, 116, 0, 53. ]
   - [ 129, 117, 0, 78. ]
   - [ 130, 120, 0, 75. ]
   - [ 131, 119, 0, 5. ]
   - [ 132, 121, 0, 22. ]
   - [ 133, 103, 0, 114. ]
   - [ 134, 122, 0, 20. ]
   - [ 135, 123, 0, 12. ]
   - [ 136, 125, 0, 9. ]
   - [ 137, 127, 0, 4. ]
   - [ 138, 126, 0, 18. ]
   - [ 139, 28, 0, 101. ]
   - [ 140, 148, 0, 120. ]
   - [ 141, 133, 0, 60. ]
   - [ 142, 134, 0, 10. ]
   - [ 143, 132, 0, 10. ]
   - [ 144, 321, 0, 88. ]
   - [ 145, 320, 0, 108. ]
   - [ 146, 110, 0, 120. ]
   - [ 147, 319, 0, 134. ]
   - [ 148, 544, 0, 114. ]
   - [ 149, 138, 0, 29. ]
   - [ 150, 140, 0, 77. ]
   - [ 151, 135, 0, 99. ]
   - [ 152, 142, 0, 18. ]
   - [ 153, 145, 0, 16. ]
   - [ 154, 144, 0, 24. ]
   - [ 155, 146, 0, 70. ]
   - [ 156, 21, 0, 110. ]
   - [ 157, 438, 0, 152. ]
   - [ 158, 150, 0, 39. ]
   - [ 159, 147, 0, 13. ]
   - [ 160, 149, 0, 11. ]
   - [ 161, 231, 0, 138. ]
   - [ 162, 328, 0, 133. ]
   - [ 163, 154, 0, 9. ]
   - [ 164, 156, 0, 11. ]
   - [ 165, 463, 0, 133. ]
   - [ 166, 153, 0, 79. ]
   - [ 167, 155, 0, 9. ]
   - [ 168, 158, 0, 35. ]
   - [ 169, 162, 0, 22. ]
   - [ 170, 163, 0, 101. ]
   - [ 171, 161, 0, 70. ]
   - [ 172, 44, 0, 107. ]
   - [ 173, 164, 0, 68. ]
   - [ 174, 166, 0, 24. ]
   - [ 175, 167, 0, 95. ]
   - [ 176, 321, 0, 114. ]
   - [ 177, 171, 0, 14. ]
   - [ 178, 215, 0, 83. ]
   - [ 179, 170, 0, 133. ]
   - [ 180, 309, 0, 112. ]
   - [ 181, 429, 0, 156. ]
   - [ 182, 98, 0, 139. ]
   - [ 183, 134, 0, 115. ]
   - [ 184, 178, 0, 19. ]
   - [ 185, 180, 0, 45. ]
   - [ 186, 433, 0, 135. ]
   - [ 187, 50, 0, 86. ]
   - [ 188, 463, 0, 154. ]
   - [ 189, 476, 0, 148. ]
   - [ 190, 183, 0, 19. ]
   - [ 191, 184, 0, 14. ]
   - [ 192, 186, 0, 22. ]
   - [ 193, 182, 0, 118. ]
   - [ 194, 187, 0, 112. ]
   - [ 195, 189, 0, 17. ]
   - [ 196, 106, 0, 113. ]
   - [ 197, 277, 0, 142. ]
   - [ 198, 16, 0, 144. ]
   - [ 199, 191, 0, 57. ]
   - [ 200, 35, 0, 102. ]
   - [ 201, 193, 0, 95. ]
   - [ 202, 205, 0, 129. ]
   - [ 203, 188, 0, 91. ]
   - [ 204, 192, 0, 82. ]
   - [ 205, 196, 0, 21. ]
   - [ 206, 195, 0, 23. ]
   - [ 207, 197, 0, 21. ]
   - [ 208, 199, 0, 66. ]
   - [ 209, 200, 0, 19. ]
   - [ 210, 201, 0, 30. ]
   - [ 211, 203, 0, 37. ]
   - [ 212, 205, 0, 34. ]
   - [ 213, 207, 0, 24. ]
   - [ 214, 206, 0, 31. ]
   - [ 215, 208, 0, 70. ]
   - [ 216, 209, 0, 14. ]
   - [ 217, 177, 0, 122. ]
   - [ 218, 391, 0, 81. ]
   - [ 219, 210, 0, 41. ]
   - [ 220, 212, 0, 55. ]
   - [ 221, 211, 0, 137. ]
   - [ 222, 397, 0, 60. ]
   - [ 223, 213, 0, 58. ]
   - [ 224, 214, 0, 64. ]
   - [ 225, 215, 0, 6. ]
   - [ 226, 216, 0, 50. ]
   - [ 227, 217, 0, 51. ]
   - [ 228, 112, 0, 112. ]
   - [ 229, 218, 0, 13. ]
   - [ 230, 115, 0, 92. ]
   - [ 231, 219, 0, 26. ]
   - [ 232, 220, 0, 84. ]
   - [ 233, 222, 0, 30. ]
   - [ 234, 221, 0, 32. ]
   - [ 235, 223, 0, 89. ]
   - [ 236, 226, 0, 50. ]
   - [ 237, 229, 0, 15. ]
   - [ 238, 228, 0, 8. ]
   - [ 239, 413, 0, 111. ]
   - [ 240, 227, 0, 49. ]
   - [ 241, 230, 0, 42. ]
   - [ 242, 231, 0, 41. ]
   - [ 243, 233, 0, 64. ]
   - [ 244, 421, 0, 75. ]
   - [ 245, 69, 0, 109. ]
   - [ 246, 235, 0, 19. ]
   - [ 247, 236, 0, 51. ]
   - [ 248, 135, 0, 133. ]
   - [ 249, 237, 0, 7. ]
   - [ 250, 245, 0, 114. ]
   - [ 251, 239, 0, 12. ]
   - [ 252, 240, 0, 52. ]
   - [ 253, 242, 0, 46. ]
   - [ 254, 241, 0, 50. ]
   - [ 255, 243, 0, 18. ]
   - [ 256, 246, 0, 8. ]
   - [ 257, 244, 0, 45. ]
   - [ 258, 412, 0, 92. ]
   - [ 259, 247, 0, 26. ]
   - [ 260, 248, 0, 28. ]
   - [ 261, 248, 0, 57. ]
   - [ 262, 249, 0, 11. ]
   - [ 263, 250, 0, 21. ]
   - [ 264, 251, 0, 9. ]
   - [ 265, 254, 0, 6. ]
   - [ 266, 201, 0, 101. ]
   - [ 267, 252, 0, 54. ]
   - [ 268, 253, 0, 37. ]
   - [ 269, 259, 0, 24. ]
   - [ 270, 256, 0, 83. ]
   - [ 271, 258, 0, 18. ]
   - [ 272, 39, 0, 118. ]
   - [ 273, 260, 0, 36. ]
   - [ 274, 261, 0, 16. ]
   - [ 275, 262, 0, 2. ]
   - [ 276, 263, 0, 39. ]
   - [ 277, 264, 0, 51. ]
   - [ 278, 265, 0, 21. ]
   - [ 279, 266, 0, 121. ]
   - [ 280, 268, 0, 28. ]
   - [ 281, 269, 0, 37. ]
   - [ 282, 271, 0, 26. ]
   - [ 283, 270, 0, 67. ]
   - [ 284, 272, 0, 17. ]
   - [ 285, 273, 0, 25. ]
   - [ 286, 275, 0, 80. ]
   - [ 287, 274, 0, 90. ]
   - [ 288, 276, 0, 48. ]
   - [ 289, 483, 0, 148. ]
   - [ 290, 269, 0, 126. ]
   - [ 291, 281, 0, 33. ]
   - [ 292, 88, 0, 108. ]
   - [ 293, 280, 0, 112. ]
   - [ 294, 85, 0, 102. ]
   - [ 295, 106, 0, 6. ]
   - [ 296, 112, 0, 10. ]
   - [ 297, 282, 0, 26. ]
   - [ 298, 160, 0, 28. ]
   - [ 299, 284, 0, 10. ]
   - [ 300, 378, 0, 94. ]
   - [ 301, 287, 0, 25. ]
   - [ 302, 288, 0, 33. ]
   - [ 303, 289, 0, 22. ]
   - [ 304, 277, 0, 22. ]
   - [ 305, 291, 0, 3. ]
   - [ 306, 292, 0, 36. ]
   - [ 307, 293, 0, 40. ]
   - [ 308, 295, 0, 76. ]
   - [ 309, 294, 0, 4. ]
   - [ 310, 296, 0, 2. ]
   - [ 311, 297, 0, 6. ]
   - [ 312, 298, 0, 2. ]
