%YAML:1.0
---
Matches:
   - [ 0, 47, 0, 6.2676751613616943e-01 ]
   - [ 1, 0, 0, 9.8680257797241211e-03 ]
   - [ 2, 108, 0, 5.6905800104141235e-01 ]
   - [ 3, 1, 0, 1.1431558988988400e-02 ]
   - [ 4, 2, 0, 1.6369419172406197e-02 ]
   - [ 5, 3, 0, 2.7368772774934769e-02 ]
   - [ 6, 4, 0, 1.3141218572854996e-02 ]
   - [ 7, 5, 0, 2.9985053464770317e-02 ]
   - [ 8, 7, 0, 1.8870305269956589e-02 ]
   - [ 9, 9, 0, 2.2115092724561691e-02 ]
   - [ 10, 98, 0, 5.2599185705184937e-01 ]
   - [ 11, 237, 0, 4.9216085672378540e-01 ]
   - [ 12, 11, 0, 4.5962512493133545e-02 ]
   - [ 13, 96, 0, 4.9624785780906677e-01 ]
   - [ 14, 12, 0, 7.0034973323345184e-02 ]
   - [ 15, 13, 0, 2.4764070287346840e-02 ]
   - [ 16, 132, 0, 5.3578197956085205e-01 ]
   - [ 17, 98, 0, 5.0277173519134521e-01 ]
   - [ 18, 377, 0, 4.8465159535408020e-01 ]
   - [ 19, 132, 0, 5.3424894809722900e-01 ]
   - [ 20, 71, 0, 5.0691014528274536e-01 ]
   - [ 21, 211, 0, 5.8364820480346680e-01 ]
   - [ 22, 15, 0, 3.6622321605682373e-01 ]
   - [ 23, 19, 0, 4.8873639106750488e-01 ]
   - [ 24, 18, 0, 6.6939339041709900e-02 ]
   - [ 25, 138, 0, 5.9699696302413940e-01 ]
   - [ 26, 355, 0, 6.4299315214157104e-01 ]
   - [ 27, 20, 0, 4.9746803939342499e-02 ]
   - [ 28, 375, 0, 6.0355490446090698e-01 ]
   - [ 29, 139, 0, 4.1839307546615601e-01 ]
   - [ 30, 154, 0, 5.8613711595535278e-01 ]
   - [ 31, 23, 0, 5.4398559033870697e-02 ]
   - [ 32, 169, 0, 6.2055939435958862e-01 ]
   - [ 33, 24, 0, 1.0423470288515091e-01 ]
   - [ 34, 54, 0, 5.1653367280960083e-01 ]
   - [ 35, 26, 0, 6.3678808510303497e-02 ]
   - [ 36, 66, 0, 5.5373895168304443e-01 ]
   - [ 37, 158, 0, 3.3355155587196350e-01 ]
   - [ 38, 368, 0, 5.2645754814147949e-01 ]
   - [ 39, 32, 0, 6.1878390610218048e-02 ]
   - [ 40, 31, 0, 5.1182639598846436e-01 ]
   - [ 41, 443, 0, 5.2734559774398804e-01 ]
   - [ 42, 33, 0, 8.1081055104732513e-02 ]
   - [ 43, 442, 0, 5.6613552570343018e-01 ]
   - [ 44, 34, 0, 7.1799196302890778e-02 ]
   - [ 45, 35, 0, 6.2235429883003235e-02 ]
   - [ 46, 36, 0, 1.0827521979808807e-01 ]
   - [ 47, 37, 0, 9.0381748974323273e-02 ]
   - [ 48, 39, 0, 5.0579506903886795e-02 ]
   - [ 49, 41, 0, 9.6770361065864563e-02 ]
   - [ 50, 40, 0, 7.5829736888408661e-02 ]
   - [ 51, 42, 0, 7.4398726224899292e-02 ]
   - [ 52, 30, 0, 4.3582463264465332e-01 ]
   - [ 53, 43, 0, 1.7283743619918823e-01 ]
   - [ 54, 44, 0, 1.4071786403656006e-01 ]
   - [ 55, 45, 0, 1.8209500610828400e-01 ]
   - [ 56, 46, 0, 2.0585432648658752e-01 ]
   - [ 57, 245, 0, 5.9131634235382080e-01 ]
   - [ 58, 47, 0, 9.7744733095169067e-02 ]
   - [ 59, 97, 0, 6.0312110185623169e-01 ]
   - [ 60, 48, 0, 1.4439937472343445e-01 ]
   - [ 61, 51, 0, 9.0397067368030548e-02 ]
   - [ 62, 52, 0, 6.1628814786672592e-02 ]
   - [ 63, 53, 0, 7.6571546494960785e-02 ]
   - [ 64, 54, 0, 8.0022402107715607e-02 ]
   - [ 65, 57, 0, 9.8015360534191132e-02 ]
   - [ 66, 55, 0, 6.7191362380981445e-02 ]
   - [ 67, 56, 0, 7.5764775276184082e-02 ]
   - [ 68, 58, 0, 5.4165378212928772e-02 ]
   - [ 69, 59, 0, 8.7640829384326935e-02 ]
   - [ 70, 207, 0, 2.5691142678260803e-01 ]
   - [ 71, 60, 0, 9.0084992349147797e-02 ]
   - [ 72, 61, 0, 1.1162622272968292e-01 ]
   - [ 73, 211, 0, 4.2842236161231995e-01 ]
   - [ 74, 62, 0, 2.9866725206375122e-01 ]
   - [ 75, 224, 0, 5.8121532201766968e-01 ]
   - [ 76, 63, 0, 6.5287560224533081e-02 ]
   - [ 77, 64, 0, 5.3278118371963501e-02 ]
   - [ 78, 65, 0, 6.0665287077426910e-02 ]
   - [ 79, 67, 0, 5.0141200423240662e-02 ]
   - [ 80, 227, 0, 4.8532268404960632e-01 ]
   - [ 81, 66, 0, 6.1274878680706024e-02 ]
   - [ 82, 68, 0, 2.7085801586508751e-02 ]
   - [ 83, 69, 0, 4.1802957653999329e-02 ]
   - [ 84, 70, 0, 4.7441881150007248e-02 ]
   - [ 85, 239, 0, 5.5254316329956055e-01 ]
   - [ 86, 71, 0, 3.9760157465934753e-02 ]
   - [ 87, 72, 0, 7.0012032985687256e-02 ]
   - [ 88, 73, 0, 9.5882661640644073e-02 ]
   - [ 89, 75, 0, 4.4961117208003998e-02 ]
   - [ 90, 74, 0, 1.3740012049674988e-01 ]
   - [ 91, 74, 0, 5.0082713365554810e-01 ]
   - [ 92, 76, 0, 1.8083734810352325e-01 ]
   - [ 93, 77, 0, 1.9723305106163025e-01 ]
   - [ 94, 80, 0, 1.4955051243305206e-01 ]
   - [ 95, 78, 0, 2.0650406181812286e-01 ]
   - [ 96, 79, 0, 1.4575251936912537e-01 ]
   - [ 97, 83, 0, 1.0758922994136810e-01 ]
   - [ 98, 87, 0, 5.4978750646114349e-02 ]
   - [ 99, 86, 0, 2.7993321418762207e-01 ]
   - [ 100, 84, 0, 1.5439896285533905e-01 ]
   - [ 101, 88, 0, 3.3138430118560791e-01 ]
   - [ 102, 89, 0, 1.3077996671199799e-01 ]
   - [ 103, 90, 0, 5.8799393475055695e-02 ]
   - [ 104, 92, 0, 1.8715274333953857e-01 ]
   - [ 105, 91, 0, 1.0511855594813824e-02 ]
   - [ 106, 93, 0, 3.6224818229675293e-01 ]
   - [ 107, 98, 0, 3.8703182339668274e-01 ]
   - [ 108, 94, 0, 1.1998731642961502e-02 ]
   - [ 109, 93, 0, 4.5370081067085266e-01 ]
   - [ 110, 96, 0, 1.8504112958908081e-02 ]
   - [ 111, 98, 0, 1.7932455986738205e-02 ]
   - [ 112, 97, 0, 1.6037203371524811e-02 ]
   - [ 113, 99, 0, 2.5903107598423958e-02 ]
   - [ 114, 100, 0, 1.5576884150505066e-02 ]
   - [ 115, 102, 0, 1.0667638853192329e-02 ]
   - [ 116, 103, 0, 4.7030955553054810e-02 ]
   - [ 117, 104, 0, 3.2825492322444916e-02 ]
   - [ 118, 105, 0, 6.4087115228176117e-02 ]
   - [ 119, 106, 0, 6.7150160670280457e-02 ]
   - [ 120, 109, 0, 3.3866785466670990e-02 ]
   - [ 121, 108, 0, 1.6095129773020744e-02 ]
   - [ 122, 110, 0, 7.2537079453468323e-02 ]
   - [ 123, 292, 0, 6.1600404977798462e-01 ]
   - [ 124, 111, 0, 3.0931163579225540e-02 ]
   - [ 125, 112, 0, 2.2828791290521622e-02 ]
   - [ 126, 114, 0, 4.9905724823474884e-02 ]
   - [ 127, 116, 0, 6.4054146409034729e-02 ]
   - [ 128, 115, 0, 6.5580688416957855e-02 ]
   - [ 129, 288, 0, 4.9930992722511292e-01 ]
   - [ 130, 284, 0, 5.4308396577835083e-01 ]
   - [ 131, 122, 0, 2.3712536692619324e-01 ]
   - [ 132, 123, 0, 4.5601643621921539e-02 ]
   - [ 133, 121, 0, 7.0052243769168854e-02 ]
   - [ 134, 291, 0, 3.6720684170722961e-01 ]
   - [ 135, 284, 0, 4.9668899178504944e-01 ]
   - [ 136, 95, 0, 4.5780721306800842e-01 ]
   - [ 137, 125, 0, 5.3354477882385254e-01 ]
   - [ 138, 124, 0, 5.3454655408859253e-01 ]
   - [ 139, 127, 0, 6.7918993532657623e-02 ]
   - [ 140, 129, 0, 3.3511793613433838e-01 ]
   - [ 141, 124, 0, 4.9753567576408386e-01 ]
   - [ 142, 131, 0, 6.1683990061283112e-02 ]
   - [ 143, 134, 0, 5.3192857652902603e-02 ]
   - [ 144, 133, 0, 1.1347741633653641e-01 ]
   - [ 145, 135, 0, 3.5080894827842712e-01 ]
   - [ 146, 140, 0, 5.0066000223159790e-01 ]
   - [ 147, 21, 0, 4.8901602625846863e-01 ]
   - [ 148, 138, 0, 4.9149461090564728e-02 ]
   - [ 149, 136, 0, 8.6155779659748077e-02 ]
   - [ 150, 137, 0, 7.7743217349052429e-02 ]
   - [ 151, 416, 0, 6.0503751039505005e-01 ]
   - [ 152, 263, 0, 5.5788797140121460e-01 ]
   - [ 153, 142, 0, 5.3888555616140366e-02 ]
   - [ 154, 22, 0, 5.8737128973007202e-01 ]
   - [ 155, 140, 0, 3.9277124404907227e-01 ]
   - [ 156, 141, 0, 1.7374989390373230e-01 ]
   - [ 157, 143, 0, 1.1924234032630920e-01 ]
   - [ 158, 145, 0, 7.6067440211772919e-02 ]
   - [ 159, 149, 0, 1.2919053435325623e-01 ]
   - [ 160, 150, 0, 6.6782936453819275e-02 ]
   - [ 161, 148, 0, 2.4183253943920135e-01 ]
   - [ 162, 316, 0, 2.9837608337402344e-01 ]
   - [ 163, 151, 0, 4.0849152207374573e-01 ]
   - [ 164, 153, 0, 1.5410342812538147e-01 ]
   - [ 165, 154, 0, 2.2519661486148834e-01 ]
   - [ 166, 156, 0, 3.6167636513710022e-01 ]
   - [ 167, 175, 0, 6.3987404108047485e-01 ]
   - [ 168, 157, 0, 4.5210745930671692e-01 ]
   - [ 169, 428, 0, 5.1737678050994873e-01 ]
   - [ 170, 152, 0, 4.4467344880104065e-01 ]
   - [ 171, 12, 0, 6.0067230463027954e-01 ]
   - [ 172, 434, 0, 5.6602007150650024e-01 ]
   - [ 173, 164, 0, 6.3560575246810913e-02 ]
   - [ 174, 166, 0, 8.0396294593811035e-02 ]
   - [ 175, 162, 0, 4.6055048704147339e-01 ]
   - [ 176, 167, 0, 1.0362766683101654e-01 ]
   - [ 177, 161, 0, 4.7484230995178223e-01 ]
   - [ 178, 160, 0, 4.7980752587318420e-01 ]
   - [ 179, 169, 0, 8.4882125258445740e-02 ]
   - [ 180, 170, 0, 6.1369027942419052e-02 ]
   - [ 181, 172, 0, 2.0551590621471405e-01 ]
