%YAML:1.0
---
Matches:
   - [ 0, 0, 0, 1.4757710266113281e+02 ]
   - [ 1, 435, 0, 5.6442181396484375e+02 ]
   - [ 2, 1, 0, 3.1658016967773438e+02 ]
   - [ 3, 113, 0, 5.3313696289062500e+02 ]
   - [ 4, 303, 0, 4.9313589477539063e+02 ]
   - [ 5, 258, 0, 5.3152893066406250e+02 ]
   - [ 6, 2, 0, 4.6593667602539063e+02 ]
   - [ 7, 3, 0, 2.5692022705078125e+02 ]
   - [ 8, 310, 0, 5.0999313354492188e+02 ]
   - [ 9, 4, 0, 3.0619766235351563e+02 ]
   - [ 10, 7, 0, 4.3062164306640625e+02 ]
   - [ 11, 5, 0, 2.1703456115722656e+02 ]
   - [ 12, 6, 0, 2.3583256530761719e+02 ]
   - [ 13, 48, 0, 4.1822601318359375e+02 ]
   - [ 14, 9, 0, 1.8681541442871094e+02 ]
   - [ 15, 11, 0, 2.0320678710937500e+02 ]
   - [ 16, 444, 0, 6.3470544433593750e+02 ]
   - [ 17, 125, 0, 6.3324084472656250e+02 ]
   - [ 18, 13, 0, 2.1622673034667969e+02 ]
   - [ 19, 183, 0, 4.6986593627929688e+02 ]
   - [ 20, 14, 0, 1.7417233276367188e+02 ]
   - [ 21, 15, 0, 1.8456706237792969e+02 ]
   - [ 22, 160, 0, 5.7999566650390625e+02 ]
   - [ 23, 290, 0, 4.8484945678710938e+02 ]
   - [ 24, 33, 0, 6.3646759033203125e+02 ]
   - [ 25, 160, 0, 4.8707391357421875e+02 ]
   - [ 26, 76, 0, 6.3692230224609375e+02 ]
   - [ 27, 480, 0, 5.3157690429687500e+02 ]
   - [ 28, 372, 0, 6.2009594726562500e+02 ]
   - [ 29, 18, 0, 4.0605294799804688e+02 ]
   - [ 30, 20, 0, 1.9743606567382813e+02 ]
   - [ 31, 14, 0, 6.0584405517578125e+02 ]
   - [ 32, 92, 0, 6.8725177001953125e+02 ]
   - [ 33, 22, 0, 2.8645419311523438e+02 ]
   - [ 34, 23, 0, 2.3768466186523438e+02 ]
   - [ 35, 491, 0, 5.6633648681640625e+02 ]
   - [ 36, 269, 0, 6.1993872070312500e+02 ]
   - [ 37, 483, 0, 6.1887719726562500e+02 ]
   - [ 38, 24, 0, 1.7870365905761719e+02 ]
   - [ 39, 25, 0, 8.4852809906005859e+00 ]
   - [ 40, 26, 0, 4.9415988159179688e+02 ]
   - [ 41, 28, 0, 1.4504136657714844e+02 ]
   - [ 42, 31, 0, 1.4594519615173340e+01 ]
   - [ 43, 172, 0, 4.0147479248046875e+02 ]
   - [ 44, 34, 0, 4.2544094085693359e+01 ]
   - [ 45, 398, 0, 4.6275588989257813e+02 ]
   - [ 46, 313, 0, 5.6482031250000000e+02 ]
   - [ 47, 498, 0, 6.1437042236328125e+02 ]
   - [ 48, 172, 0, 4.6822537231445313e+02 ]
   - [ 49, 36, 0, 3.0819149780273438e+02 ]
   - [ 50, 311, 0, 6.4338092041015625e+02 ]
   - [ 51, 38, 0, 1.9112823486328125e+02 ]
   - [ 52, 39, 0, 1.8509727478027344e+02 ]
   - [ 53, 40, 0, 2.6235852050781250e+02 ]
   - [ 54, 41, 0, 2.2555487060546875e+02 ]
   - [ 55, 43, 0, 2.9004653930664063e+02 ]
   - [ 56, 44, 0, 1.8201098632812500e+02 ]
   - [ 57, 46, 0, 3.2001406860351563e+02 ]
   - [ 58, 352, 0, 4.7081738281250000e+02 ]
   - [ 59, 29, 0, 4.3082015991210938e+02 ]
   - [ 60, 47, 0, 3.3289486694335938e+02 ]
   - [ 61, 48, 0, 2.5736743164062500e+02 ]
   - [ 62, 49, 0, 1.7022044372558594e+02 ]
   - [ 63, 50, 0, 1.6492422485351563e+02 ]
   - [ 64, 51, 0, 4.1189074707031250e+02 ]
   - [ 65, 116, 0, 5.8111700439453125e+02 ]
   - [ 66, 53, 0, 1.9798231506347656e+02 ]
   - [ 67, 52, 0, 2.6121255493164063e+02 ]
   - [ 68, 54, 0, 4.2920974731445313e+02 ]
   - [ 69, 57, 0, 2.3440136718750000e+02 ]
   - [ 70, 58, 0, 1.9734994506835938e+02 ]
   - [ 71, 59, 0, 4.8358038330078125e+02 ]
   - [ 72, 60, 0, 3.6372378540039063e+02 ]
   - [ 73, 61, 0, 2.5420857238769531e+02 ]
   - [ 74, 62, 0, 1.5167729187011719e+02 ]
   - [ 75, 63, 0, 2.8720028686523438e+02 ]
   - [ 76, 64, 0, 1.4252017211914063e+02 ]
   - [ 77, 352, 0, 5.9684082031250000e+02 ]
   - [ 78, 65, 0, 2.7688446044921875e+02 ]
   - [ 79, 66, 0, 4.0646154785156250e+02 ]
   - [ 80, 491, 0, 5.4800549316406250e+02 ]
   - [ 81, 67, 0, 2.5617767333984375e+02 ]
   - [ 82, 69, 0, 1.6110865783691406e+02 ]
   - [ 83, 70, 0, 3.0647348022460938e+02 ]
   - [ 84, 72, 0, 2.1763731384277344e+02 ]
   - [ 85, 308, 0, 5.8743511962890625e+02 ]
   - [ 86, 71, 0, 1.4709521484375000e+02 ]
   - [ 87, 443, 0, 6.4325891113281250e+02 ]
   - [ 88, 75, 0, 1.6518171691894531e+02 ]
   - [ 89, 76, 0, 2.5329824829101563e+02 ]
   - [ 90, 410, 0, 4.3405529785156250e+02 ]
   - [ 91, 78, 0, 2.6167538452148438e+02 ]
   - [ 92, 79, 0, 3.8227868652343750e+02 ]
   - [ 93, 80, 0, 3.4693948364257813e+02 ]
   - [ 94, 82, 0, 1.9735501098632813e+02 ]
   - [ 95, 81, 0, 5.1816119384765625e+02 ]
   - [ 96, 83, 0, 3.6735678100585938e+02 ]
   - [ 97, 315, 0, 6.3942944335937500e+02 ]
   - [ 98, 87, 0, 2.1236524963378906e+02 ]
   - [ 99, 89, 0, 2.3218096923828125e+02 ]
   - [ 100, 91, 0, 1.3578291320800781e+02 ]
   - [ 101, 90, 0, 4.8146130371093750e+02 ]
   - [ 102, 88, 0, 5.8818280029296875e+02 ]
   - [ 103, 85, 0, 5.5377612304687500e+02 ]
   - [ 104, 93, 0, 4.2190875244140625e+02 ]
   - [ 105, 94, 0, 2.0552372741699219e+02 ]
   - [ 106, 60, 0, 5.9498571777343750e+02 ]
   - [ 107, 95, 0, 3.5877569580078125e+02 ]
   - [ 108, 97, 0, 1.0547511291503906e+02 ]
   - [ 109, 98, 0, 1.5792086791992188e+02 ]
   - [ 110, 96, 0, 3.4237115478515625e+02 ]
   - [ 111, 99, 0, 4.5625430297851563e+02 ]
   - [ 112, 100, 0, 1.7246159362792969e+02 ]
   - [ 113, 101, 0, 1.3845216369628906e+02 ]
   - [ 114, 103, 0, 3.6240585327148438e+02 ]
   - [ 115, 102, 0, 1.3576818847656250e+02 ]
   - [ 116, 104, 0, 5.3023199462890625e+02 ]
   - [ 117, 290, 0, 5.7937463378906250e+02 ]
   - [ 118, 105, 0, 1.2901162719726563e+02 ]
   - [ 119, 331, 0, 6.2577709960937500e+02 ]
   - [ 120, 107, 0, 2.2105429077148438e+02 ]
   - [ 121, 109, 0, 2.8280734252929688e+02 ]
   - [ 122, 108, 0, 7.2166473388671875e+01 ]
   - [ 123, 397, 0, 5.2008172607421875e+02 ]
   - [ 124, 111, 0, 4.5309381103515625e+02 ]
   - [ 125, 113, 0, 3.2062438964843750e+01 ]
   - [ 126, 114, 0, 2.4317071533203125e+02 ]
   - [ 127, 115, 0, 3.7735923767089844e+01 ]
   - [ 128, 116, 0, 3.6400823974609375e+02 ]
   - [ 129, 117, 0, 6.2093878173828125e+02 ]
   - [ 130, 120, 0, 4.7958523559570313e+02 ]
   - [ 131, 119, 0, 1.3224598693847656e+02 ]
   - [ 132, 121, 0, 4.1596875000000000e+02 ]
   - [ 133, 329, 0, 6.6326312255859375e+02 ]
   - [ 134, 122, 0, 2.8566763305664063e+02 ]
   - [ 135, 123, 0, 2.9086078643798828e+01 ]
   - [ 136, 125, 0, 2.7387954711914063e+02 ]
   - [ 137, 127, 0, 1.8383688354492188e+02 ]
   - [ 138, 126, 0, 1.3660893249511719e+02 ]
   - [ 139, 360, 0, 5.4876770019531250e+02 ]
   - [ 140, 10, 0, 6.1269812011718750e+02 ]
   - [ 141, 133, 0, 4.4648068237304688e+02 ]
   - [ 142, 134, 0, 1.3435400390625000e+02 ]
   - [ 143, 132, 0, 1.3723701477050781e+02 ]
   - [ 144, 404, 0, 4.7990414428710938e+02 ]
   - [ 145, 320, 0, 4.9014691162109375e+02 ]
   - [ 146, 28, 0, 5.7216693115234375e+02 ]
   - [ 147, 96, 0, 7.1343182373046875e+02 ]
   - [ 148, 544, 0, 5.6597259521484375e+02 ]
   - [ 149, 138, 0, 2.9359155273437500e+02 ]
   - [ 150, 140, 0, 5.0814663696289063e+02 ]
   - [ 151, 466, 0, 6.1875195312500000e+02 ]
   - [ 152, 142, 0, 2.1490229797363281e+02 ]
   - [ 153, 145, 0, 9.3145050048828125e+01 ]
   - [ 154, 144, 0, 2.7452505493164063e+02 ]
   - [ 155, 146, 0, 4.1695562744140625e+02 ]
   - [ 156, 480, 0, 5.2856030273437500e+02 ]
   - [ 157, 269, 0, 6.6556365966796875e+02 ]
   - [ 158, 150, 0, 3.3006665039062500e+02 ]
   - [ 159, 147, 0, 2.9318594360351563e+02 ]
   - [ 160, 149, 0, 1.7241229248046875e+02 ]
   - [ 161, 231, 0, 6.5234191894531250e+02 ]
   - [ 162, 437, 0, 6.2818945312500000e+02 ]
   - [ 163, 154, 0, 1.4606848144531250e+02 ]
   - [ 164, 156, 0, 1.3801811218261719e+02 ]
   - [ 165, 280, 0, 6.8615521240234375e+02 ]
   - [ 166, 153, 0, 6.5294561767578125e+02 ]
   - [ 167, 155, 0, 6.2136943817138672e+01 ]
   - [ 168, 158, 0, 3.6219192504882813e+02 ]
   - [ 169, 162, 0, 3.4426879882812500e+02 ]
   - [ 170, 163, 0, 5.7956536865234375e+02 ]
   - [ 171, 161, 0, 5.0558578491210938e+02 ]
   - [ 172, 31, 0, 5.6578619384765625e+02 ]
   - [ 173, 164, 0, 4.8615017700195313e+02 ]
   - [ 174, 166, 0, 2.7438293457031250e+02 ]
   - [ 175, 35, 0, 5.9021691894531250e+02 ]
   - [ 176, 359, 0, 6.0962036132812500e+02 ]
   - [ 177, 171, 0, 1.8620687866210938e+02 ]
   - [ 178, 215, 0, 4.4878280639648438e+02 ]
   - [ 179, 170, 0, 5.6693914794921875e+02 ]
   - [ 180, 309, 0, 6.2856903076171875e+02 ]
