%YAML:1.0
---
Matches:
   - [ 0, 323, 0, 1267. ]
   - [ 1, 3, 0, 157. ]
   - [ 2, 98, 0, 39. ]
   - [ 3, 44, 0, 728. ]
   - [ 4, 155, 0, 658. ]
   - [ 5, 17, 0, 406. ]
   - [ 6, 33, 0, 889. ]
   - [ 7, 220, 0, 1168. ]
   - [ 8, 30, 0, 748. ]
   - [ 9, 111, 0, 873. ]
   - [ 10, 32, 0, 501. ]
   - [ 11, 43, 0, 855. ]
   - [ 12, 152, 0, 1270. ]
   - [ 13, 75, 0, 56. ]
   - [ 14, 80, 0, 372. ]
   - [ 15, 186, 0, 763. ]
   - [ 16, 22, 0, 492. ]
   - [ 17, 32, 0, 1149. ]
   - [ 18, 232, 0, 967. ]
   - [ 19, 92, 0, 1423. ]
   - [ 20, 100, 0, 264. ]
   - [ 21, 26, 0, 631. ]
   - [ 22, 92, 0, 209. ]
   - [ 23, 52, 0, 731. ]
   - [ 24, 30, 0, 539. ]
   - [ 25, 47, 0, 1102. ]
   - [ 26, 168, 0, 795. ]
   - [ 27, 98, 0, 893. ]
   - [ 28, 2, 0, 492. ]
   - [ 29, 38, 0, 469. ]
   - [ 30, 11, 0, 433. ]
   - [ 31, 123, 0, 821. ]
   - [ 32, 413, 0, 1532. ]
   - [ 33, 159, 0, 762. ]
   - [ 34, 42, 0, 1193. ]
   - [ 35, 68, 0, 97. ]
   - [ 36, 119, 0, 636. ]
   - [ 37, 399, 0, 1004. ]
   - [ 38, 142, 0, 937. ]
   - [ 39, 106, 0, 864. ]
   - [ 40, 142, 0, 912. ]
   - [ 41, 57, 0, 419. ]
   - [ 42, 345, 0, 1033. ]
   - [ 43, 182, 0, 1572. ]
   - [ 44, 42, 0, 659. ]
   - [ 45, 28, 0, 485. ]
   - [ 46, 97, 0, 159. ]
   - [ 47, 96, 0, 554. ]
   - [ 48, 46, 0, 659. ]
   - [ 49, 18, 0, 661. ]
   - [ 50, 193, 0, 1124. ]
   - [ 51, 46, 0, 562. ]
   - [ 52, 461, 0, 1416. ]
   - [ 53, 74, 0, 300. ]
   - [ 54, 83, 0, 1231. ]
   - [ 55, 16, 0, 466. ]
   - [ 56, 118, 0, 680. ]
   - [ 57, 0, 0, 686. ]
   - [ 58, 71, 0, 398. ]
   - [ 59, 118, 0, 1376. ]
   - [ 60, 8, 0, 152. ]
   - [ 61, 6, 0, 1148. ]
   - [ 62, 114, 0, 621. ]
   - [ 63, 126, 0, 354. ]
   - [ 64, 23, 0, 628. ]
   - [ 65, 77, 0, 409. ]
   - [ 66, 138, 0, 501. ]
   - [ 67, 14, 0, 462. ]
   - [ 68, 70, 0, 489. ]
   - [ 69, 9, 0, 811. ]
   - [ 70, 25, 0, 503. ]
   - [ 71, 40, 0, 250. ]
   - [ 72, 69, 0, 379. ]
   - [ 73, 131, 0, 1220. ]
   - [ 74, 64, 0, 787. ]
   - [ 75, 4, 0, 598. ]
   - [ 76, 115, 0, 678. ]
   - [ 77, 7, 0, 116. ]
   - [ 78, 87, 0, 570. ]
   - [ 79, 27, 0, 977. ]
   - [ 80, 61, 0, 74. ]
   - [ 81, 90, 0, 366. ]
   - [ 82, 126, 0, 1125. ]
   - [ 83, 70, 0, 985. ]
   - [ 84, 25, 0, 822. ]
   - [ 85, 189, 0, 918. ]
   - [ 86, 184, 0, 1021. ]
   - [ 87, 37, 0, 352. ]
   - [ 88, 76, 0, 1344. ]
   - [ 89, 426, 0, 1222. ]
   - [ 90, 39, 0, 675. ]
   - [ 91, 123, 0, 1446. ]
   - [ 92, 305, 0, 904. ]
   - [ 93, 34, 0, 627. ]
   - [ 94, 76, 0, 916. ]
   - [ 95, 37, 0, 1402. ]
   - [ 96, 142, 0, 1134. ]
   - [ 97, 108, 0, 556. ]
   - [ 98, 171, 0, 1195. ]
   - [ 99, 104, 0, 181. ]
   - [ 100, 183, 0, 1226. ]
   - [ 101, 166, 0, 959. ]
   - [ 102, 79, 0, 437. ]
   - [ 103, 6, 0, 1549. ]
   - [ 104, 451, 0, 1413. ]
   - [ 105, 180, 0, 1052. ]
   - [ 106, 107, 0, 647. ]
   - [ 107, 126, 0, 1189. ]
   - [ 108, 89, 0, 1404. ]
   - [ 109, 210, 0, 733. ]
   - [ 110, 283, 0, 1509. ]
   - [ 111, 162, 0, 653. ]
   - [ 112, 213, 0, 770. ]
   - [ 113, 213, 0, 1139. ]
   - [ 114, 2, 0, 991. ]
   - [ 115, 114, 0, 1143. ]
   - [ 116, 6, 0, 1855. ]
   - [ 117, 39, 0, 811. ]
   - [ 118, 122, 0, 648. ]
   - [ 119, 173, 0, 666. ]
   - [ 120, 124, 0, 391. ]
   - [ 121, 66, 0, 1239. ]
   - [ 122, 155, 0, 343. ]
   - [ 123, 75, 0, 1057. ]
   - [ 124, 126, 0, 178. ]
   - [ 125, 174, 0, 236. ]
   - [ 126, 168, 0, 889. ]
   - [ 127, 208, 0, 1470. ]
   - [ 128, 166, 0, 466. ]
   - [ 129, 136, 0, 585. ]
   - [ 130, 112, 0, 257. ]
   - [ 131, 142, 0, 713. ]
   - [ 132, 111, 0, 397. ]
   - [ 133, 33, 0, 846. ]
   - [ 134, 6, 0, 909. ]
   - [ 135, 141, 0, 475. ]
   - [ 136, 142, 0, 111. ]
   - [ 137, 178, 0, 457. ]
   - [ 138, 117, 0, 433. ]
   - [ 139, 125, 0, 630. ]
   - [ 140, 156, 0, 240. ]
   - [ 141, 158, 0, 391. ]
   - [ 142, 114, 0, 780. ]
   - [ 143, 135, 0, 1056. ]
   - [ 144, 28, 0, 648. ]
   - [ 145, 114, 0, 645. ]
   - [ 146, 493, 0, 1786. ]
   - [ 147, 153, 0, 705. ]
   - [ 148, 131, 0, 289. ]
   - [ 149, 237, 0, 652. ]
   - [ 150, 183, 0, 922. ]
   - [ 151, 254, 0, 1305. ]
   - [ 152, 133, 0, 523. ]
   - [ 153, 137, 0, 286. ]
   - [ 154, 157, 0, 857. ]
   - [ 155, 426, 0, 1300. ]
   - [ 156, 130, 0, 685. ]
   - [ 157, 150, 0, 522. ]
   - [ 158, 138, 0, 726. ]
   - [ 159, 232, 0, 1116. ]
   - [ 160, 119, 0, 84. ]
   - [ 161, 13, 0, 1130. ]
   - [ 162, 211, 0, 892. ]
   - [ 163, 123, 0, 1142. ]
   - [ 164, 118, 0, 284. ]
   - [ 165, 149, 0, 189. ]
   - [ 166, 177, 0, 837. ]
   - [ 167, 224, 0, 1066. ]
   - [ 168, 180, 0, 647. ]
   - [ 169, 172, 0, 60. ]
   - [ 170, 132, 0, 1166. ]
   - [ 171, 140, 0, 849. ]
   - [ 172, 129, 0, 514. ]
   - [ 173, 70, 0, 691. ]
   - [ 174, 167, 0, 1050. ]
   - [ 175, 143, 0, 845. ]
   - [ 176, 151, 0, 409. ]
   - [ 177, 228, 0, 1145. ]
   - [ 178, 134, 0, 785. ]
   - [ 179, 255, 0, 496. ]
   - [ 180, 151, 0, 725. ]
   - [ 181, 151, 0, 764. ]
   - [ 182, 269, 0, 1238. ]
   - [ 183, 232, 0, 664. ]
   - [ 184, 159, 0, 771. ]
   - [ 185, 392, 0, 1219. ]
   - [ 186, 155, 0, 1028. ]
   - [ 187, 163, 0, 194. ]
   - [ 188, 176, 0, 237. ]
   - [ 189, 296, 0, 1141. ]
   - [ 190, 191, 0, 433. ]
   - [ 191, 282, 0, 1180. ]
   - [ 192, 262, 0, 582. ]
   - [ 193, 192, 0, 495. ]
   - [ 194, 161, 0, 603. ]
   - [ 195, 32, 0, 1196. ]
   - [ 196, 19, 0, 1090. ]
   - [ 197, 498, 0, 1510. ]
   - [ 198, 167, 0, 1220. ]
   - [ 199, 147, 0, 1361. ]
   - [ 200, 213, 0, 484. ]
   - [ 201, 241, 0, 816. ]
   - [ 202, 216, 0, 305. ]
   - [ 203, 203, 0, 336. ]
   - [ 204, 54, 0, 966. ]
   - [ 205, 212, 0, 387. ]
   - [ 206, 151, 0, 851. ]
   - [ 207, 24, 0, 1048. ]
   - [ 208, 210, 0, 287. ]
   - [ 209, 214, 0, 542. ]
   - [ 210, 143, 0, 786. ]
   - [ 211, 238, 0, 678. ]
   - [ 212, 221, 0, 186. ]
   - [ 213, 227, 0, 250. ]
   - [ 214, 244, 0, 231. ]
   - [ 215, 230, 0, 989. ]
   - [ 216, 232, 0, 617. ]
   - [ 217, 234, 0, 578. ]
   - [ 218, 280, 0, 328. ]
   - [ 219, 290, 0, 1161. ]
   - [ 220, 76, 0, 1263. ]
   - [ 221, 144, 0, 1204. ]
   - [ 222, 71, 0, 1752. ]
   - [ 223, 67, 0, 907. ]
   - [ 224, 247, 0, 557. ]
   - [ 225, 233, 0, 672. ]
   - [ 226, 223, 0, 515. ]
   - [ 227, 224, 0, 603. ]
   - [ 228, 215, 0, 350. ]
   - [ 229, 211, 0, 434. ]
   - [ 230, 239, 0, 1121. ]
   - [ 231, 269, 0, 1447. ]
   - [ 232, 113, 0, 744. ]
   - [ 233, 229, 0, 800. ]
   - [ 234, 222, 0, 764. ]
   - [ 235, 113, 0, 1015. ]
   - [ 236, 208, 0, 776. ]
   - [ 237, 199, 0, 467. ]
   - [ 238, 202, 0, 736. ]
   - [ 239, 356, 0, 982. ]
   - [ 240, 206, 0, 707. ]
   - [ 241, 255, 0, 82. ]
   - [ 242, 207, 0, 360. ]
   - [ 243, 120, 0, 1049. ]
   - [ 244, 252, 0, 798. ]
   - [ 245, 248, 0, 540. ]
   - [ 246, 120, 0, 1154. ]
   - [ 247, 225, 0, 559. ]
   - [ 248, 310, 0, 1474. ]
   - [ 249, 260, 0, 525. ]
   - [ 250, 257, 0, 701. ]
   - [ 251, 219, 0, 1044. ]
   - [ 252, 242, 0, 348. ]
   - [ 253, 266, 0, 547. ]
   - [ 254, 261, 0, 125. ]
   - [ 255, 246, 0, 1259. ]
   - [ 256, 458, 0, 1143. ]
   - [ 257, 307, 0, 1431. ]
   - [ 258, 304, 0, 1393. ]
   - [ 259, 262, 0, 436. ]
   - [ 260, 79, 0, 1536. ]
   - [ 261, 159, 0, 1046. ]
   - [ 262, 105, 0, 884. ]
   - [ 263, 285, 0, 1062. ]
   - [ 264, 211, 0, 1331. ]
   - [ 265, 258, 0, 232. ]
   - [ 266, 226, 0, 572. ]
   - [ 267, 321, 0, 1258. ]
   - [ 268, 242, 0, 1873. ]
   - [ 269, 485, 0, 1084. ]
   - [ 270, 412, 0, 794. ]
   - [ 271, 253, 0, 368. ]
   - [ 272, 273, 0, 244. ]
   - [ 273, 282, 0, 1217. ]
   - [ 274, 277, 0, 335. ]
   - [ 275, 210, 0, 566. ]
   - [ 276, 345, 0, 783. ]
   - [ 277, 302, 0, 1024. ]
   - [ 278, 304, 0, 337. ]
   - [ 279, 332, 0, 510. ]
   - [ 280, 207, 0, 976. ]
   - [ 281, 276, 0, 781. ]
   - [ 282, 283, 0, 246. ]
   - [ 283, 278, 0, 441. ]
   - [ 284, 306, 0, 318. ]
   - [ 285, 274, 0, 181. ]
   - [ 286, 299, 0, 845. ]
   - [ 287, 315, 0, 554. ]
   - [ 288, 461, 0, 1305. ]
   - [ 289, 269, 0, 1290. ]
   - [ 290, 353, 0, 844. ]
   - [ 291, 296, 0, 807. ]
   - [ 292, 275, 0, 571. ]
   - [ 293, 282, 0, 446. ]
   - [ 294, 261, 0, 929. ]
   - [ 295, 287, 0, 311. ]
   - [ 296, 116, 0, 762. ]
   - [ 297, 222, 0, 1239. ]
   - [ 298, 290, 0, 1271. ]
   - [ 299, 224, 0, 678. ]
