%YAML:1.0
---
Matches:
   - [ 0, 245, 0, 55. ]
   - [ 1, 3, 0, 6. ]
   - [ 2, 98, 0, 4. ]
   - [ 3, 44, 0, 18. ]
   - [ 4, 155, 0, 29. ]
   - [ 5, 17, 0, 19. ]
   - [ 6, 24, 0, 27. ]
   - [ 7, 220, 0, 58. ]
   - [ 8, 32, 0, 32. ]
   - [ 9, 19, 0, 39. ]
   - [ 10, 32, 0, 14. ]
   - [ 11, 43, 0, 31. ]
   - [ 12, 213, 0, 69. ]
   - [ 13, 75, 0, 6. ]
   - [ 14, 80, 0, 14. ]
   - [ 15, 186, 0, 40. ]
   - [ 16, 22, 0, 20. ]
   - [ 17, 191, 0, 56. ]
   - [ 18, 148, 0, 37. ]
   - [ 19, 114, 0, 60. ]
   - [ 20, 100, 0, 17. ]
   - [ 21, 26, 0, 31. ]
   - [ 22, 92, 0, 5. ]
   - [ 23, 52, 0, 22. ]
   - [ 24, 30, 0, 20. ]
   - [ 25, 47, 0, 33. ]
   - [ 26, 168, 0, 32. ]
   - [ 27, 98, 0, 42. ]
   - [ 28, 2, 0, 22. ]
   - [ 29, 38, 0, 17. ]
   - [ 30, 11, 0, 22. ]
   - [ 31, 56, 0, 44. ]
   - [ 32, 140, 0, 60. ]
   - [ 33, 159, 0, 28. ]
   - [ 34, 48, 0, 34. ]
   - [ 35, 68, 0, 11. ]
   - [ 36, 119, 0, 23. ]
   - [ 37, 373, 0, 63. ]
   - [ 38, 142, 0, 56. ]
   - [ 39, 106, 0, 33. ]
   - [ 40, 142, 0, 44. ]
   - [ 41, 57, 0, 19. ]
   - [ 42, 210, 0, 47. ]
   - [ 43, 182, 0, 61. ]
   - [ 44, 42, 0, 20. ]
   - [ 45, 28, 0, 17. ]
   - [ 46, 97, 0, 7. ]
   - [ 47, 96, 0, 17. ]
   - [ 48, 41, 0, 20. ]
   - [ 49, 18, 0, 17. ]
   - [ 50, 193, 0, 36. ]
   - [ 51, 46, 0, 23. ]
   - [ 52, 226, 0, 71. ]
   - [ 53, 74, 0, 8. ]
   - [ 54, 83, 0, 37. ]
   - [ 55, 16, 0, 17. ]
   - [ 56, 118, 0, 38. ]
   - [ 57, 0, 0, 27. ]
   - [ 58, 71, 0, 14. ]
   - [ 59, 118, 0, 44. ]
   - [ 60, 8, 0, 13. ]
   - [ 61, 6, 0, 24. ]
   - [ 62, 0, 0, 29. ]
   - [ 63, 126, 0, 23. ]
   - [ 64, 23, 0, 17. ]
   - [ 65, 77, 0, 15. ]
   - [ 66, 73, 0, 22. ]
   - [ 67, 14, 0, 20. ]
   - [ 68, 70, 0, 18. ]
   - [ 69, 9, 0, 24. ]
   - [ 70, 25, 0, 27. ]
   - [ 71, 40, 0, 6. ]
   - [ 72, 69, 0, 14. ]
   - [ 73, 131, 0, 53. ]
   - [ 74, 62, 0, 22. ]
   - [ 75, 64, 0, 26. ]
   - [ 76, 83, 0, 39. ]
   - [ 77, 7, 0, 9. ]
   - [ 78, 87, 0, 16. ]
   - [ 79, 27, 0, 32. ]
   - [ 80, 61, 0, 6. ]
   - [ 81, 90, 0, 20. ]
   - [ 82, 212, 0, 50. ]
   - [ 83, 349, 0, 40. ]
   - [ 84, 25, 0, 23. ]
   - [ 85, 54, 0, 61. ]
   - [ 86, 66, 0, 34. ]
   - [ 87, 37, 0, 15. ]
   - [ 88, 145, 0, 52. ]
   - [ 89, 102, 0, 56. ]
   - [ 90, 39, 0, 25. ]
   - [ 91, 56, 0, 59. ]
   - [ 92, 35, 0, 40. ]
   - [ 93, 34, 0, 24. ]
   - [ 94, 76, 0, 43. ]
   - [ 95, 95, 0, 46. ]
   - [ 96, 142, 0, 44. ]
   - [ 97, 108, 0, 20. ]
   - [ 98, 171, 0, 47. ]
   - [ 99, 104, 0, 5. ]
   - [ 100, 59, 0, 52. ]
   - [ 101, 176, 0, 50. ]
   - [ 102, 79, 0, 19. ]
   - [ 103, 6, 0, 65. ]
   - [ 104, 283, 0, 53. ]
   - [ 105, 180, 0, 35. ]
   - [ 106, 107, 0, 29. ]
   - [ 107, 212, 0, 49. ]
   - [ 108, 448, 0, 63. ]
   - [ 109, 210, 0, 25. ]
   - [ 110, 96, 0, 54. ]
   - [ 111, 162, 0, 20. ]
   - [ 112, 154, 0, 25. ]
   - [ 113, 213, 0, 57. ]
   - [ 114, 2, 0, 25. ]
   - [ 115, 175, 0, 37. ]
   - [ 116, 6, 0, 70. ]
   - [ 117, 36, 0, 46. ]
   - [ 118, 122, 0, 19. ]
   - [ 119, 173, 0, 32. ]
   - [ 120, 124, 0, 11. ]
   - [ 121, 45, 0, 54. ]
   - [ 122, 155, 0, 20. ]
   - [ 123, 323, 0, 55. ]
   - [ 124, 126, 0, 9. ]
   - [ 125, 174, 0, 13. ]
   - [ 126, 168, 0, 30. ]
   - [ 127, 147, 0, 57. ]
   - [ 128, 166, 0, 10. ]
   - [ 129, 136, 0, 21. ]
   - [ 130, 112, 0, 17. ]
   - [ 131, 142, 0, 38. ]
   - [ 132, 111, 0, 24. ]
   - [ 133, 24, 0, 27. ]
   - [ 134, 127, 0, 31. ]
   - [ 135, 141, 0, 9. ]
   - [ 136, 142, 0, 8. ]
   - [ 137, 178, 0, 18. ]
   - [ 138, 117, 0, 20. ]
   - [ 139, 125, 0, 22. ]
   - [ 140, 156, 0, 10. ]
   - [ 141, 158, 0, 15. ]
   - [ 142, 306, 0, 39. ]
   - [ 143, 231, 0, 44. ]
   - [ 144, 113, 0, 27. ]
   - [ 145, 114, 0, 27. ]
   - [ 146, 51, 0, 59. ]
   - [ 147, 153, 0, 22. ]
   - [ 148, 131, 0, 12. ]
   - [ 149, 237, 0, 27. ]
   - [ 150, 183, 0, 35. ]
   - [ 151, 188, 0, 60. ]
   - [ 152, 133, 0, 25. ]
   - [ 153, 137, 0, 12. ]
   - [ 154, 157, 0, 22. ]
   - [ 155, 144, 0, 49. ]
   - [ 156, 130, 0, 36. ]
   - [ 157, 150, 0, 23. ]
   - [ 158, 138, 0, 26. ]
   - [ 159, 124, 0, 63. ]
   - [ 160, 119, 0, 3. ]
   - [ 161, 152, 0, 32. ]
   - [ 162, 211, 0, 36. ]
   - [ 163, 123, 0, 42. ]
   - [ 164, 118, 0, 18. ]
   - [ 165, 149, 0, 10. ]
   - [ 166, 177, 0, 27. ]
   - [ 167, 224, 0, 41. ]
   - [ 168, 180, 0, 30. ]
   - [ 169, 172, 0, 5. ]
   - [ 170, 132, 0, 31. ]
   - [ 171, 280, 0, 41. ]
   - [ 172, 129, 0, 11. ]
   - [ 173, 109, 0, 24. ]
   - [ 174, 167, 0, 33. ]
   - [ 175, 143, 0, 22. ]
   - [ 176, 151, 0, 15. ]
   - [ 177, 228, 0, 51. ]
   - [ 178, 134, 0, 26. ]
   - [ 179, 255, 0, 24. ]
   - [ 180, 151, 0, 40. ]
   - [ 181, 128, 0, 19. ]
   - [ 182, 269, 0, 59. ]
   - [ 183, 232, 0, 24. ]
   - [ 184, 159, 0, 29. ]
   - [ 185, 172, 0, 47. ]
   - [ 186, 155, 0, 53. ]
   - [ 187, 163, 0, 8. ]
   - [ 188, 176, 0, 13. ]
   - [ 189, 314, 0, 61. ]
   - [ 190, 191, 0, 24. ]
   - [ 191, 159, 0, 52. ]
   - [ 192, 262, 0, 30. ]
   - [ 193, 192, 0, 12. ]
   - [ 194, 161, 0, 14. ]
   - [ 195, 285, 0, 54. ]
   - [ 196, 472, 0, 61. ]
   - [ 197, 330, 0, 75. ]
   - [ 198, 195, 0, 45. ]
   - [ 199, 147, 0, 45. ]
   - [ 200, 213, 0, 22. ]
   - [ 201, 241, 0, 31. ]
   - [ 202, 216, 0, 14. ]
   - [ 203, 203, 0, 16. ]
   - [ 204, 110, 0, 42. ]
   - [ 205, 212, 0, 20. ]
   - [ 206, 151, 0, 41. ]
   - [ 207, 24, 0, 38. ]
   - [ 208, 210, 0, 14. ]
   - [ 209, 214, 0, 23. ]
   - [ 210, 200, 0, 24. ]
   - [ 211, 238, 0, 28. ]
   - [ 212, 221, 0, 8. ]
   - [ 213, 227, 0, 18. ]
   - [ 214, 244, 0, 11. ]
   - [ 215, 230, 0, 37. ]
   - [ 216, 232, 0, 34. ]
   - [ 217, 234, 0, 13. ]
   - [ 218, 280, 0, 20. ]
   - [ 219, 290, 0, 42. ]
   - [ 220, 86, 0, 65. ]
   - [ 221, 144, 0, 35. ]
   - [ 222, 140, 0, 58. ]
   - [ 223, 237, 0, 28. ]
   - [ 224, 247, 0, 19. ]
   - [ 225, 233, 0, 33. ]
   - [ 226, 223, 0, 14. ]
   - [ 227, 224, 0, 21. ]
   - [ 228, 215, 0, 12. ]
   - [ 229, 211, 0, 14. ]
   - [ 230, 239, 0, 38. ]
   - [ 231, 324, 0, 63. ]
   - [ 232, 240, 0, 20. ]
   - [ 233, 229, 0, 16. ]
   - [ 234, 222, 0, 34. ]
   - [ 235, 199, 0, 40. ]
   - [ 236, 208, 0, 18. ]
   - [ 237, 199, 0, 18. ]
   - [ 238, 202, 0, 20. ]
   - [ 239, 228, 0, 31. ]
   - [ 240, 206, 0, 17. ]
   - [ 241, 255, 0, 5. ]
   - [ 242, 207, 0, 15. ]
   - [ 243, 220, 0, 40. ]
   - [ 244, 252, 0, 29. ]
   - [ 245, 248, 0, 16. ]
   - [ 246, 168, 0, 48. ]
   - [ 247, 225, 0, 17. ]
   - [ 248, 283, 0, 42. ]
   - [ 249, 260, 0, 20. ]
   - [ 250, 257, 0, 21. ]
   - [ 251, 219, 0, 17. ]
   - [ 252, 242, 0, 23. ]
   - [ 253, 266, 0, 32. ]
   - [ 254, 261, 0, 7. ]
   - [ 255, 246, 0, 33. ]
   - [ 256, 307, 0, 34. ]
   - [ 257, 307, 0, 49. ]
   - [ 258, 304, 0, 53. ]
   - [ 259, 262, 0, 15. ]
   - [ 260, 79, 0, 46. ]
   - [ 261, 159, 0, 33. ]
   - [ 262, 189, 0, 33. ]
   - [ 263, 285, 0, 29. ]
   - [ 264, 161, 0, 57. ]
   - [ 265, 258, 0, 13. ]
   - [ 266, 226, 0, 29. ]
   - [ 267, 172, 0, 59. ]
   - [ 268, 471, 0, 64. ]
   - [ 269, 54, 0, 48. ]
   - [ 270, 412, 0, 31. ]
   - [ 271, 253, 0, 18. ]
   - [ 272, 273, 0, 10. ]
   - [ 273, 211, 0, 58. ]
   - [ 274, 277, 0, 10. ]
   - [ 275, 292, 0, 27. ]
   - [ 276, 292, 0, 37. ]
   - [ 277, 302, 0, 23. ]
   - [ 278, 304, 0, 20. ]
   - [ 279, 332, 0, 22. ]
   - [ 280, 207, 0, 28. ]
   - [ 281, 276, 0, 19. ]
   - [ 282, 283, 0, 9. ]
   - [ 283, 278, 0, 19. ]
   - [ 284, 306, 0, 11. ]
   - [ 285, 274, 0, 13. ]
   - [ 286, 228, 0, 32. ]
   - [ 287, 315, 0, 18. ]
   - [ 288, 323, 0, 52. ]
   - [ 289, 326, 0, 57. ]
   - [ 290, 353, 0, 52. ]
   - [ 291, 296, 0, 28. ]
   - [ 292, 275, 0, 18. ]
   - [ 293, 282, 0, 18. ]
   - [ 294, 261, 0, 27. ]
   - [ 295, 287, 0, 19. ]
   - [ 296, 33, 0, 44. ]
   - [ 297, 222, 0, 50. ]
   - [ 298, 290, 0, 33. ]
   - [ 299, 224, 0, 25. ]
   - [ 300, 222, 0, 41. ]
   - [ 301, 284, 0, 35. ]
   - [ 302, 297, 0, 18. ]
   - [ 303, 280, 0, 23. ]
   - [ 304, 293, 0, 56. ]
   - [ 305, 288, 0, 29. ]
   - [ 306, 382, 0, 69. ]
   - [ 307, 291, 0, 13. ]
   - [ 308, 281, 0, 35. ]
   - [ 309, 289, 0, 49. ]
   - [ 310, 151, 0, 67. ]
   - [ 311, 307, 0, 46. ]
   - [ 312, 307, 0, 16. ]
   - [ 313, 328, 0, 20. ]
   - [ 314, 309, 0, 20. ]
