%YAML:1.0
---
Matches:
   - [ 0, 348, 0, 3.3746258544921875e+02 ]
   - [ 1, 3, 0, 1.2927876281738281e+02 ]
   - [ 2, 98, 0, 3.2326457977294922e+01 ]
   - [ 3, 44, 0, 2.5479795837402344e+02 ]
   - [ 4, 155, 0, 1.9355619812011719e+02 ]
   - [ 5, 17, 0, 1.5313392639160156e+02 ]
   - [ 6, 33, 0, 2.6163140869140625e+02 ]
   - [ 7, 220, 0, 3.5372021484375000e+02 ]
   - [ 8, 30, 0, 2.0108705139160156e+02 ]
   - [ 9, 111, 0, 2.4580683898925781e+02 ]
   - [ 10, 32, 0, 1.9297927856445313e+02 ]
   - [ 11, 43, 0, 2.9757183837890625e+02 ]
   - [ 12, 244, 0, 3.2553033447265625e+02 ]
   - [ 13, 75, 0, 3.6083236694335938e+01 ]
   - [ 14, 80, 0, 1.9059381103515625e+02 ]
   - [ 15, 186, 0, 2.6236807250976563e+02 ]
   - [ 16, 22, 0, 1.9884667968750000e+02 ]
   - [ 17, 108, 0, 3.1281784057617188e+02 ]
   - [ 18, 277, 0, 2.7415689086914063e+02 ]
   - [ 19, 318, 0, 3.6073120117187500e+02 ]
   - [ 20, 100, 0, 1.1553354644775391e+02 ]
   - [ 21, 26, 0, 2.3623928833007813e+02 ]
   - [ 22, 92, 0, 1.1200446319580078e+02 ]
   - [ 23, 117, 0, 2.7877410888671875e+02 ]
   - [ 24, 30, 0, 1.9044421386718750e+02 ]
   - [ 25, 47, 0, 3.4573977661132813e+02 ]
   - [ 26, 168, 0, 2.5656384277343750e+02 ]
   - [ 27, 2, 0, 2.4177882385253906e+02 ]
   - [ 28, 2, 0, 2.0843704223632813e+02 ]
   - [ 29, 38, 0, 1.9350711059570313e+02 ]
   - [ 30, 11, 0, 1.9304663085937500e+02 ]
   - [ 31, 123, 0, 2.4635949707031250e+02 ]
   - [ 32, 413, 0, 3.7044567871093750e+02 ]
   - [ 33, 159, 0, 2.7845288085937500e+02 ]
   - [ 34, 19, 0, 2.9746429443359375e+02 ]
   - [ 35, 68, 0, 4.3092922210693359e+01 ]
   - [ 36, 119, 0, 2.4274266052246094e+02 ]
   - [ 37, 68, 0, 2.9049957275390625e+02 ]
   - [ 38, 142, 0, 2.5513330078125000e+02 ]
   - [ 39, 263, 0, 2.9456747436523438e+02 ]
   - [ 40, 142, 0, 2.9035839843750000e+02 ]
   - [ 41, 57, 0, 1.7508569335937500e+02 ]
   - [ 42, 28, 0, 3.2369122314453125e+02 ]
   - [ 43, 182, 0, 3.8733447265625000e+02 ]
   - [ 44, 246, 0, 2.4191526794433594e+02 ]
   - [ 45, 28, 0, 1.9850189208984375e+02 ]
   - [ 46, 97, 0, 1.2923234558105469e+02 ]
   - [ 47, 96, 0, 2.1876470947265625e+02 ]
   - [ 48, 41, 0, 2.4533038330078125e+02 ]
   - [ 49, 18, 0, 2.3300428771972656e+02 ]
   - [ 50, 193, 0, 3.3779580688476563e+02 ]
   - [ 51, 46, 0, 2.0851858520507813e+02 ]
   - [ 52, 461, 0, 3.0194702148437500e+02 ]
   - [ 53, 74, 0, 1.6021859741210938e+02 ]
   - [ 54, 72, 0, 3.0750772094726563e+02 ]
   - [ 55, 16, 0, 1.8515399169921875e+02 ]
   - [ 56, 118, 0, 2.0016493225097656e+02 ]
   - [ 57, 0, 0, 2.4305143737792969e+02 ]
   - [ 58, 71, 0, 1.6998234558105469e+02 ]
   - [ 59, 290, 0, 3.5385873413085938e+02 ]
   - [ 60, 8, 0, 7.8128097534179688e+01 ]
   - [ 61, 6, 0, 3.4346762084960938e+02 ]
   - [ 62, 114, 0, 1.8485940551757813e+02 ]
   - [ 63, 126, 0, 1.5914144897460938e+02 ]
   - [ 64, 23, 0, 2.4501020812988281e+02 ]
   - [ 65, 77, 0, 1.9310359191894531e+02 ]
   - [ 66, 138, 0, 1.6744850158691406e+02 ]
   - [ 67, 14, 0, 2.0199009704589844e+02 ]
   - [ 68, 70, 0, 1.9532792663574219e+02 ]
   - [ 69, 9, 0, 2.7410400390625000e+02 ]
   - [ 70, 25, 0, 1.9587495422363281e+02 ]
   - [ 71, 40, 0, 1.4774302673339844e+02 ]
   - [ 72, 69, 0, 1.4284606933593750e+02 ]
   - [ 73, 131, 0, 3.3004849243164063e+02 ]
   - [ 74, 64, 0, 2.4954559326171875e+02 ]
   - [ 75, 4, 0, 2.0489509582519531e+02 ]
   - [ 76, 115, 0, 1.9897236633300781e+02 ]
   - [ 77, 7, 0, 5.1613952636718750e+01 ]
   - [ 78, 163, 0, 2.3066426086425781e+02 ]
   - [ 79, 27, 0, 3.1832531738281250e+02 ]
   - [ 80, 61, 0, 4.5628936767578125e+01 ]
   - [ 81, 90, 0, 1.2668859100341797e+02 ]
   - [ 82, 32, 0, 3.0225155639648438e+02 ]
   - [ 83, 44, 0, 2.7404745483398438e+02 ]
   - [ 84, 3, 0, 2.6684826660156250e+02 ]
   - [ 85, 189, 0, 2.5513133239746094e+02 ]
   - [ 86, 184, 0, 3.0168362426757813e+02 ]
   - [ 87, 37, 0, 1.5765785217285156e+02 ]
   - [ 88, 183, 0, 3.3662145996093750e+02 ]
   - [ 89, 426, 0, 3.1270751953125000e+02 ]
   - [ 90, 39, 0, 2.3092639160156250e+02 ]
   - [ 91, 317, 0, 3.6106509399414063e+02 ]
   - [ 92, 305, 0, 2.7142587280273438e+02 ]
   - [ 93, 34, 0, 2.4467733764648438e+02 ]
   - [ 94, 76, 0, 2.6228610229492188e+02 ]
   - [ 95, 324, 0, 3.5398727416992188e+02 ]
   - [ 96, 142, 0, 3.2935696411132813e+02 ]
   - [ 97, 108, 0, 2.3166354370117188e+02 ]
   - [ 98, 171, 0, 3.3849224853515625e+02 ]
   - [ 99, 104, 0, 1.3676622009277344e+02 ]
   - [ 100, 183, 0, 2.8087719726562500e+02 ]
   - [ 101, 166, 0, 3.0227636718750000e+02 ]
   - [ 102, 79, 0, 1.7610508728027344e+02 ]
   - [ 103, 6, 0, 3.6467657470703125e+02 ]
   - [ 104, 451, 0, 3.5596206665039063e+02 ]
   - [ 105, 180, 0, 3.1788363647460938e+02 ]
   - [ 106, 107, 0, 2.4512242126464844e+02 ]
   - [ 107, 32, 0, 3.0867459106445313e+02 ]
   - [ 108, 89, 0, 3.5686410522460938e+02 ]
   - [ 109, 345, 0, 2.4377859497070313e+02 ]
   - [ 110, 278, 0, 3.6460800170898438e+02 ]
   - [ 111, 162, 0, 2.5999807739257813e+02 ]
   - [ 112, 213, 0, 2.3394444274902344e+02 ]
   - [ 113, 151, 0, 2.9958135986328125e+02 ]
   - [ 114, 98, 0, 2.9585638427734375e+02 ]
   - [ 115, 114, 0, 2.8901037597656250e+02 ]
   - [ 116, 20, 0, 4.1568859863281250e+02 ]
   - [ 117, 39, 0, 2.1405841064453125e+02 ]
   - [ 118, 122, 0, 2.6239282226562500e+02 ]
   - [ 119, 39, 0, 2.2028617858886719e+02 ]
   - [ 120, 124, 0, 1.6782431030273438e+02 ]
   - [ 121, 296, 0, 3.0553231811523438e+02 ]
   - [ 122, 155, 0, 1.5458007812500000e+02 ]
   - [ 123, 170, 0, 2.8920755004882813e+02 ]
   - [ 124, 126, 0, 1.2999230957031250e+02 ]
   - [ 125, 174, 0, 1.1202677917480469e+02 ]
   - [ 126, 168, 0, 2.8273486328125000e+02 ]
   - [ 127, 431, 0, 3.5887185668945313e+02 ]
   - [ 128, 166, 0, 2.0762466430664063e+02 ]
   - [ 129, 136, 0, 2.2071928405761719e+02 ]
   - [ 130, 112, 0, 1.0337794494628906e+02 ]
   - [ 131, 142, 0, 2.4805442810058594e+02 ]
   - [ 132, 111, 0, 1.4366975402832031e+02 ]
   - [ 133, 33, 0, 2.4848742675781250e+02 ]
   - [ 134, 6, 0, 3.0803085327148438e+02 ]
   - [ 135, 141, 0, 2.2645307922363281e+02 ]
   - [ 136, 142, 0, 7.2076347351074219e+01 ]
   - [ 137, 178, 0, 2.1902738952636719e+02 ]
   - [ 138, 117, 0, 1.8642156982421875e+02 ]
   - [ 139, 110, 0, 2.3184909057617188e+02 ]
   - [ 140, 156, 0, 1.3794926452636719e+02 ]
   - [ 141, 158, 0, 1.7439323425292969e+02 ]
   - [ 142, 54, 0, 2.1234405517578125e+02 ]
   - [ 143, 135, 0, 3.3979110717773438e+02 ]
   - [ 144, 28, 0, 2.2453062438964844e+02 ]
   - [ 145, 114, 0, 2.1115634155273438e+02 ]
   - [ 146, 493, 0, 4.1275659179687500e+02 ]
   - [ 147, 153, 0, 2.7005371093750000e+02 ]
   - [ 148, 131, 0, 1.5116546630859375e+02 ]
   - [ 149, 237, 0, 2.3487869262695313e+02 ]
   - [ 150, 183, 0, 2.7527441406250000e+02 ]
   - [ 151, 254, 0, 3.2863809204101563e+02 ]
   - [ 152, 133, 0, 1.8947558593750000e+02 ]
   - [ 153, 137, 0, 1.5234828186035156e+02 ]
   - [ 154, 157, 0, 2.7189886474609375e+02 ]
   - [ 155, 144, 0, 3.6182177734375000e+02 ]
   - [ 156, 130, 0, 2.4542819213867188e+02 ]
   - [ 157, 150, 0, 2.3567774963378906e+02 ]
   - [ 158, 73, 0, 2.2243426513671875e+02 ]
   - [ 159, 232, 0, 2.6562377929687500e+02 ]
   - [ 160, 119, 0, 6.6090843200683594e+01 ]
   - [ 161, 98, 0, 3.2897415161132813e+02 ]
   - [ 162, 211, 0, 2.9979660034179688e+02 ]
   - [ 163, 123, 0, 3.2346252441406250e+02 ]
   - [ 164, 118, 0, 1.3893884277343750e+02 ]
   - [ 165, 149, 0, 1.3129737854003906e+02 ]
   - [ 166, 202, 0, 2.7450317382812500e+02 ]
   - [ 167, 224, 0, 3.1971237182617188e+02 ]
   - [ 168, 180, 0, 2.2243426513671875e+02 ]
   - [ 169, 172, 0, 3.5099857330322266e+01 ]
   - [ 170, 132, 0, 3.4674487304687500e+02 ]
   - [ 171, 140, 0, 2.5939736938476563e+02 ]
   - [ 172, 203, 0, 2.3344163513183594e+02 ]
   - [ 173, 70, 0, 2.6509432983398438e+02 ]
   - [ 174, 35, 0, 3.0474252319335938e+02 ]
   - [ 175, 143, 0, 3.0238552856445313e+02 ]
   - [ 176, 151, 0, 1.7202035522460938e+02 ]
   - [ 177, 228, 0, 3.2292257690429688e+02 ]
   - [ 178, 134, 0, 2.4850151062011719e+02 ]
   - [ 179, 255, 0, 2.5844534301757813e+02 ]
   - [ 180, 151, 0, 2.1989315795898438e+02 ]
